e	35	1	19.80764	0.00024642982	0.00024642982	80378.42173
s	35	1	19.80764	0.00024642982	0.00024642982	204.8679426
35	35	1	19.80764	0.00024642982	0.00024642982	80378.42173
30	30	1	21.790867	0.0005134959	0.0005134959	42436.30183
25	25	1	23.774094	0.00078056194	0.00078056194	30457.6649
20	20	1	25.75732	0.001047628	0.001047628	24586.32263
15	15	1	27.740547	0.0013146978	0.0013146978	21100.32207
80	80	5	14.849573	0.00072292425	0.00072292425	20540.98061
10	10	1	29.723774	0.0015817638	0.0015817638	18791.53765
75	75	5	16.832802	0.0009900052	0.0009900052	17002.741
70	70	5	18.816029	0.0012570713	0.0012570713	14968.14779
55	55	5	25.261515	-0.0017175283	0.0017175283	14708.06333
10	10	1	30.219582	-0.002194034	0.002194034	13773.52493
65	65	5	20.799255	0.0015241373	0.0015241373	13646.57567
60	60	5	22.782482	0.0017912034	0.0017912034	12719.09265
55	55	5	24.765709	0.0020582695	0.0020582695	12032.29655
60	60	5	23.278288	-0.0019845944	0.0019845944	11729.49395
50	50	5	26.748936	0.0023253355	0.0023253355	11503.25878
15	15	1	28.236355	-0.0024611	0.0024611	11473.06286
20	20	1	26.253128	-0.0027281698	0.0027281698	9622.981678
65	65	5	21.295061	-0.0022516605	0.0022516605	9457.491927
25	25	1	24.269901	-0.0029952358	0.0029952358	8102.834842
70	70	5	19.311834	-0.0025187265	0.0025187265	7667.300916
30	30	1	22.286674	-0.003262302	0.003262302	6831.579051
75	75	5	17.328608	-0.0027857926	0.0027857926	6220.351077
35	35	1	20.303448	-0.003529368	0.003529368	5752.714934
5	5	1	31.211195	0.0056246296	0.0056246296	5549.022286
10	10	1	29.227968	0.0053575616	0.0053575616	5455.460932
15	15	1	27.244741	0.0050904956	0.0050904956	5352.080257
20	20	1	25.261515	0.004823426	0.004823426	5237.255635
10	10	1	30.71539	-0.0059698317	0.0059698317	5145.101494
25	25	1	23.278288	0.0045563597	0.0045563597	5108.966265
80	80	5	15.345381	-0.0030528735	0.0030528735	5026.536802
30	30	1	21.295061	0.0042892937	0.0042892937	4964.701065
40	40	1	18.32022	-0.0037964415	0.0037964415	4825.629474
35	35	1	19.311834	0.0040222276	0.0040222276	4801.278277
55	55	5	25.75732	-0.005493326	0.005493326	4688.838784
15	15	1	28.732162	-0.006236898	0.006236898	4606.803254
50	50	5	26.253128	0.0061011333	0.0061011333	4302.992036
55	55	5	24.269901	0.0058340672	0.0058340672	4160.031101
60	60	5	23.774094	-0.005760392	0.005760392	4127.165998
20	20	1	26.748936	-0.0065039676	0.0065039676	4112.710525
60	60	5	22.286674	0.005567001	0.005567001	4003.353691
65	65	5	20.303448	0.005299935	0.005299935	3830.886228
25	25	1	24.765709	-0.0067710336	0.0067710336	3657.59653
70	70	5	18.32022	0.005032869	0.005032869	3640.114615
65	65	5	21.790867	-0.0060274582	0.0060274582	3615.266382
75	75	5	16.336994	0.004765803	0.004765803	3427.962507
5	5	1	30.71539	0.009400427	0.009400427	3267.446255
30	30	1	22.782482	-0.0070380997	0.0070380997	3237.021777
80	80	5	14.353767	0.004498722	0.004498722	3190.63214
70	70	5	19.80764	-0.0062945243	0.0062945243	3146.804914
10	10	1	28.732162	0.009133359	0.009133359	3145.848313
15	15	1	26.748936	0.008866293	0.008866293	3016.924435
15	15	1	29.227968	-0.010012696	0.010012696	2919.090722
20	20	1	24.765709	0.008599224	0.008599224	2879.993474
35	35	1	20.799255	-0.0073051658	0.0073051658	2847.198211
55	55	5	26.253128	-0.009269124	0.009269124	2832.320293
25	25	1	22.782482	0.0083321575	0.0083321575	2734.283647
75	75	5	17.824413	-0.0065615904	0.0065615904	2716.477548
20	20	1	27.244741	-0.010279765	0.010279765	2650.327221
50	50	5	25.75732	0.009876931	0.009876931	2607.826257
30	30	1	20.799255	0.008065091	0.008065091	2578.923784
60	60	5	24.269901	-0.00953619	0.00953619	2545.031192
40	40	1	18.816029	-0.0075722393	0.0075722393	2484.869832
55	55	5	23.774094	0.009609865	0.009609865	2473.925908
35	35	1	18.816029	0.0077980254	0.0077980254	2412.922251
25	25	1	25.261515	-0.010546831	0.010546831	2395.175859
60	60	5	21.790867	0.009342799	0.009342799	2332.37031
80	80	5	15.841187	-0.0068286713	0.0068286713	2319.805172
5	5	1	30.219582	0.013176225	0.013176225	2293.493167
65	65	5	22.286674	-0.009803256	0.009803256	2273.395084
10	10	1	28.236355	0.012909157	0.012909157	2187.312076
65	65	5	19.80764	0.009075733	0.009075733	2182.483773
15	15	1	29.723774	-0.013788493	0.013788493	2155.694172
30	30	1	23.278288	-0.0108138975	0.0108138975	2152.627025
15	15	1	26.253128	0.012642091	0.012642091	2076.644441
70	70	5	17.824413	0.008808667	0.008808667	2023.508551
70	70	5	20.303448	-0.010070322	0.010070322	2016.166712
20	20	1	27.740547	-0.014055563	0.014055563	1973.63471
20	20	1	24.269901	0.012375021	0.012375021	1961.200793
45	45	5	27.244741	0.013919795	0.013919795	1957.265965
85	85	5	13.85796	-0.0070957374	0.0070957374	1952.997866
35	35	1	21.295061	-0.011080964	0.011080964	1921.769712
60	60	5	24.765709	-0.013311988	0.013311988	1860.4065
75	75	5	15.841187	0.008541601	0.008541601	1854.592248
50	50	5	25.261515	0.013652729	0.013652729	1850.290517
25	25	1	22.286674	0.012107955	0.012107955	1840.663762
25	25	1	25.75732	-0.014322629	0.014322629	1798.36537
75	75	5	18.32022	-0.010337388	0.010337388	1772.229116
5	5	1	29.723774	0.016952023	0.016952023	1753.405714
55	55	5	23.278288	0.013385663	0.013385663	1739.046321
15	15	1	30.219582	-0.017564291	0.017564291	1720.512488
30	30	1	20.303448	0.011840889	0.011840889	1714.689497
40	40	1	19.311834	-0.011348037	0.011348037	1701.777497
65	65	5	22.782482	-0.013579054	0.013579054	1677.766507
10	10	1	27.740547	0.016684955	0.016684955	1662.60844
30	30	1	23.774094	-0.014589695	0.014589695	1629.512749
60	60	5	21.295061	0.013118597	0.013118597	1623.272748
20	20	1	28.236355	-0.01783136	0.01783136	1583.522233
15	15	1	25.75732	0.016417889	0.016417889	1568.856995
80	80	5	16.336994	-0.010604469	0.010604469	1540.576336
45	45	5	26.748936	0.017695593	0.017695593	1511.615689
65	65	5	19.311834	0.012851531	0.012851531	1502.687423
70	70	5	20.799255	-0.01384612	0.01384612	1502.172089
60	60	5	25.261515	-0.017087786	0.017087786	1478.33751
20	20	1	23.774094	0.01615082	0.01615082	1472.005384
35	35	1	21.790867	-0.014856761	0.014856761	1466.730669
25	25	1	26.253128	-0.018098427	0.018098427	1450.575125
50	50	5	24.765709	0.017428527	0.017428527	1420.986926
5	5	1	29.227968	0.020727823	0.020727823	1410.083828
70	70	5	17.328608	0.012584465	0.012584465	1376.984083
25	25	1	21.790867	0.015883753	0.015883753	1371.896617
65	65	5	23.278288	-0.017354852	0.017354852	1341.312965
75	75	5	18.816029	-0.014113186	0.014113186	1333.223342
10	10	1	27.244741	0.020460753	0.020460753	1331.561013
20	20	1	28.732162	-0.021607159	0.021607159	1329.751959
55	55	5	22.782482	0.01716146	0.01716146	1327.537517
30	30	1	24.269901	-0.018365493	0.018365493	1321.494664
85	85	5	14.353767	-0.010871535	0.010871535	1320.307298
40	40	1	19.80764	-0.015123835	0.015123835	1309.696912
30	30	1	19.80764	0.015616687	0.015616687	1268.36377
15	15	1	25.261515	0.020193687	0.020193687	1250.961006
75	75	5	15.345381	0.012317399	0.012317399	1245.829659
60	60	5	25.75732	-0.020863583	0.020863583	1234.5588
60	60	5	20.799255	0.016894395	0.016894395	1231.133462
25	25	1	26.748936	-0.021874225	0.021874225	1222.851827
45	45	5	26.253128	0.02147139	0.02147139	1222.702769
70	70	5	21.295061	-0.017621918	0.017621918	1208.441726
35	35	1	22.286674	-0.01863256	0.01863256	1196.114436
5	5	1	28.732162	0.02450362	0.02450362	1172.568053
80	80	5	16.832802	-0.014380267	0.014380267	1170.548641
20	20	1	23.278288	0.019926617	0.019926617	1168.200704
45	45	1	17.824413	-0.015390901	0.015390901	1158.11368
20	20	1	29.227968	-0.025382956	0.025382956	1151.480072
50	50	5	24.269901	0.021204324	0.021204324	1144.573201
65	65	5	18.816029	0.016627328	0.016627328	1131.632755
65	65	5	23.774094	-0.02113065	0.02113065	1125.099985
30	30	1	24.765709	-0.02214129	0.02214129	1118.530537
10	10	1	26.748936	0.02423655	0.02423655	1103.661041
40	40	5	27.740547	0.025514254	0.025514254	1087.256833
25	25	1	21.295061	0.01965955	0.01965955	1083.19168
75	75	5	19.311834	-0.017888984	0.017888984	1079.537776
40	40	1	20.303448	-0.018899633	0.018899633	1074.277368
55	55	5	22.286674	0.020937258	0.020937258	1064.450464
25	25	1	27.244741	-0.025650023	0.025650023	1062.172186
15	15	1	24.765709	0.023969484	0.023969484	1033.218279
70	70	5	16.832802	0.016360262	0.016360262	1028.883401
45	45	5	25.75732	0.025247188	0.025247188	1020.205498
20	20	1	29.723774	-0.029158754	0.029158754	1019.377371
70	70	5	21.790867	-0.021397715	0.021397715	1018.373551
35	35	1	22.782482	-0.022408357	0.022408357	1016.69578
85	85	5	14.849573	-0.014647333	0.014647333	1013.807292
5	5	1	28.236355	0.028279418	0.028279418	998.4772317
30	30	1	19.311834	0.019392485	0.019392485	995.8411209
60	60	5	20.303448	0.020670192	0.020670192	982.2573491
30	30	1	25.261515	-0.025917089	0.025917089	974.7049524
65	65	5	24.269901	-0.024906447	0.024906447	974.4425208
20	20	1	22.782482	0.023702415	0.023702415	961.1882165
45	45	1	18.32022	-0.019166699	0.019166699	955.8359528
80	80	5	17.328608	-0.018156065	0.018156065	954.4253119
50	50	5	23.774094	0.024980122	0.024980122	951.720492
25	25	1	27.740547	-0.02942582	0.02942582	942.7280871
10	10	1	26.253128	0.028012348	0.028012348	937.1984098
40	40	5	27.244741	0.029290052	0.029290052	930.1704551
75	75	5	14.849573	0.016093196	0.016093196	922.7236778
40	40	1	20.799255	-0.02267543	0.02267543	917.2595624
75	75	5	19.80764	-0.021664781	0.021664781	914.2783396
65	65	5	18.32022	0.020403126	0.020403126	897.9124081
35	35	1	23.278288	-0.026184155	0.026184155	889.0219295
25	25	1	20.799255	0.023435349	0.023435349	887.5163327
70	70	5	22.286674	-0.025173513	0.025173513	885.3223624
55	55	5	21.790867	0.024713056	0.024713056	881.7552552
15	15	1	24.269901	0.027745282	0.027745282	874.7397485
45	45	5	25.261515	0.029022986	0.029022986	870.3968296
30	30	1	25.75732	-0.029692886	0.029692886	867.4576126
5	5	1	27.740547	0.032055214	0.032055214	865.398902
65	65	5	24.765709	-0.028682245	0.028682245	863.4508561
25	25	1	28.236355	-0.03320162	0.03320162	850.4511226
85	85	5	15.345381	-0.01842313	0.01842313	832.9410366
45	45	1	18.816029	-0.022942496	0.022942496	820.1387068
80	80	5	17.824413	-0.021931862	0.021931862	812.7177255
70	70	5	16.336994	0.02013606	0.02013606	811.3302205
20	20	1	22.286674	0.027478212	0.027478212	811.0671102
10	10	1	25.75732	0.031788148	0.031788148	810.2806115
60	60	5	19.80764	0.02444599	0.02444599	810.2613148
50	50	5	23.278288	0.02875592	0.02875592	809.5128933
40	40	5	26.748936	0.033065848	0.033065848	808.959625
40	40	1	21.295061	-0.026451228	0.026451228	805.0688989
75	75	5	20.303448	-0.02544058	0.02544058	798.0733144
35	35	1	23.774094	-0.029959952	0.029959952	793.5291085
70	70	5	22.782482	-0.028949311	0.028949311	786.9783844
30	30	1	26.253128	-0.033468686	0.033468686	784.4086858
65	65	5	25.261515	-0.032458045	0.032458045	778.2820869
25	25	1	28.732162	-0.036977418	0.036977418	777.0191526
35	35	5	28.236355	0.03710872	0.03710872	760.9088915
5	5	1	27.244741	0.03583101	0.03583101	760.3676536
45	45	5	24.765709	0.032798782	0.032798782	755.0801429
15	15	1	23.774094	0.031521082	0.031521082	754.2283606
55	55	5	21.295061	0.028488854	0.028488854	747.487456
25	25	1	20.303448	0.027211146	0.027211146	746.1445394
65	65	5	17.824413	0.024178924	0.024178924	737.1880155
45	45	1	19.311834	-0.026718294	0.026718294	722.7944269
40	40	1	21.790867	-0.030227026	0.030227026	720.9067475
35	35	1	24.269901	-0.033735752	0.033735752	719.4118868
30	30	1	26.748936	-0.037244484	0.037244484	718.1985928
25	25	1	29.227968	-0.040753216	0.040753216	717.1941473
90	90	5	13.362154	-0.018690197	0.018690197	714.9284729
85	85	5	15.841187	-0.022198929	0.022198929	713.6014084
80	80	5	18.32022	-0.02570766	0.02570766	712.6366227
40	40	5	26.253128	0.036841646	0.036841646	712.5937858
75	75	5	20.799255	-0.029216377	0.029216377	711.9039777
70	70	5	23.278288	-0.03272511	0.03272511	711.3280291
10	10	1	25.261515	0.035563946	0.035563946	710.3124889
50	50	5	22.782482	0.032531716	0.032531716	700.3160239
20	20	1	21.790867	0.03125401	0.03125401	697.218277
60	60	5	19.311834	0.028221788	0.028221788	684.288111
35	35	5	27.740547	0.040884517	0.040884517	678.5098378
5	5	1	26.748936	0.03960681	0.03960681	675.36204
30	30	1	27.244741	-0.04102028	0.04102028	664.1773533
45	45	5	24.269901	0.03657458	0.03657458	663.5729241
70	70	5	15.841187	0.023911858	0.023911858	662.4824804
35	35	1	24.765709	-0.03751155	0.03751155	660.2155603
15	15	1	23.278288	0.03529688	0.03529688	659.4998765
40	40	1	22.286674	-0.034002826	0.034002826	655.4359335
70	70	5	23.774094	-0.03650091	0.03650091	651.3288025
45	45	1	19.80764	-0.030494092	0.030494092	649.556642
75	75	5	21.295061	-0.032992177	0.032992177	645.4578914
55	55	5	20.799255	0.03226465	0.03226465	644.6453007
50	50	1	17.328608	-0.02698536	0.02698536	642.1484835
25	25	1	19.80764	0.030986944	0.030986944	639.225346
80	80	5	18.816029	-0.029483458	0.029483458	638.1893535
40	40	5	25.75732	0.040617444	0.040617444	634.1442854
10	10	1	24.765709	0.039339744	0.039339744	629.5340661
85	85	5	16.336994	-0.025974726	0.025974726	628.957318
65	65	5	17.328608	0.027954722	0.027954722	619.8812494
30	30	1	27.740547	-0.04479608	0.04479608	619.2628239
90	90	5	13.85796	-0.022465995	0.022465995	616.8415866
50	50	5	22.286674	0.036307514	0.036307514	613.8309001
35	35	1	25.261515	-0.041287348	0.041287348	611.8463942
35	35	5	27.244741	0.044660315	0.044660315	610.0436372
20	20	1	21.295061	0.035029806	0.035029806	607.9126159
5	5	1	26.253128	0.043382607	0.043382607	605.1533049
40	40	1	22.782482	-0.037778623	0.037778623	603.0522076
70	70	5	24.269901	-0.040276706	0.040276706	602.5790937
75	75	5	21.790867	-0.036767974	0.036767974	592.6588993
45	45	1	20.303448	-0.03426989	0.03426989	592.4573437
30	30	5	28.732162	0.04870318	0.04870318	589.9442706
45	45	5	23.774094	0.040350378	0.040350378	589.1913578
60	60	5	18.816029	0.031997584	0.031997584	588.0453037
15	15	1	22.782482	0.039072677	0.039072677	583.0796288
30	30	1	28.236355	-0.048571877	0.048571877	581.3313535
80	80	5	19.311834	-0.033259258	0.033259258	580.645365
50	50	1	17.824413	-0.030761158	0.030761158	579.4454487
35	35	1	25.75732	-0.045063145	0.045063145	571.5828312
40	40	5	25.261515	0.04439324	0.04439324	569.0396781
85	85	5	16.832802	-0.029750524	0.029750524	565.7985049
55	55	5	20.303448	0.036040448	0.036040448	563.3517097
10	10	1	24.269901	0.04311554	0.04311554	562.9037929
70	70	5	24.765709	-0.044052504	0.044052504	562.1861813
40	40	1	23.278288	-0.04155442	0.04155442	560.1880137
70	70	5	15.345381	0.027687656	0.027687656	554.231857
35	35	5	26.748936	0.048436113	0.048436113	552.2519117
75	75	5	22.286674	-0.040543772	0.040543772	549.6941429
30	30	1	28.732162	-0.052347675	0.052347675	548.8717885
90	90	5	14.353767	-0.026241792	0.026241792	546.9812046
45	45	1	20.799255	-0.03804569	0.03804569	546.6914912
5	5	1	25.75732	0.047158405	0.047158405	546.1872597
50	50	5	21.790867	0.04008331	0.04008331	543.63941
30	30	5	28.236355	0.052478977	0.052478977	538.0507894
35	35	1	26.253128	-0.048838943	0.048838943	537.5449669
20	20	1	20.799255	0.038805604	0.038805604	535.9858592
80	80	5	19.80764	-0.037035055	0.037035055	534.8349017
65	65	5	16.832802	0.031730518	0.031730518	530.4925057
50	50	1	18.32022	-0.034536958	0.034536958	530.4526241
45	45	5	23.278288	0.044126175	0.044126175	527.5392213
40	40	1	23.774094	-0.04533022	0.04533022	524.4645625
15	15	1	22.286674	0.042848475	0.042848475	520.1275891
85	85	5	17.328608	-0.033526324	0.033526324	516.8657321
40	40	5	24.765709	0.04816904	0.04816904	514.1416354
75	75	5	22.782482	-0.04431957	0.04431957	514.0501589
60	60	5	18.32022	0.03577338	0.03577338	512.1187878
45	45	1	21.295061	-0.041821487	0.041821487	509.1894748
35	35	1	26.748936	-0.05261474	0.05261474	508.3924391
10	10	1	23.774094	0.04689134	0.04689134	507.0039372
35	35	5	26.253128	0.05221191	0.05221191	502.818763
80	80	5	20.303448	-0.040810853	0.040810853	497.5011917
55	55	5	19.80764	0.039816245	0.039816245	497.4763441
5	5	1	25.261515	0.050934203	0.050934203	495.9636848
90	90	5	14.849573	-0.03001759	0.03001759	494.6957101
40	40	1	24.269901	-0.049106017	0.049106017	494.2347696
30	30	5	27.740547	0.056254774	0.056254774	493.1234281
50	50	1	18.816029	-0.038312756	0.038312756	491.1165618
50	50	5	21.295061	0.04385911	0.04385911	485.533359
25	25	5	29.227968	0.06029764	0.06029764	484.7282249
75	75	5	23.278288	-0.048095368	0.048095368	484.0027006
35	35	1	27.244741	-0.05639054	0.05639054	483.1438216
45	45	1	21.790867	-0.045597285	0.045597285	477.8983442
85	85	5	17.824413	-0.03730212	0.03730212	477.8391416
20	20	1	20.303448	0.0425814	0.0425814	476.8149474
45	45	5	22.782482	0.047901973	0.047901973	475.6063388
40	40	1	24.765709	-0.052881815	0.052881815	468.3218418
15	15	1	21.790867	0.046624273	0.046624273	467.3717272
40	40	5	24.269901	0.051944837	0.051944837	467.2245097
80	80	5	20.799255	-0.04458665	0.04458665	466.4906424
35	35	1	27.740547	-0.060166337	0.060166337	461.0642493
65	65	5	16.336994	0.035506316	0.035506316	460.1151525
35	35	5	25.75732	0.05598771	0.05598771	460.0531081
10	10	1	23.278288	0.050667137	0.050667137	459.4356298
50	50	1	19.311834	-0.042088553	0.042088553	458.8381549
75	75	5	23.774094	-0.051871166	0.051871166	458.3296624
90	90	5	15.345381	-0.03379339	0.03379339	454.0941587
30	30	5	27.244741	0.060030572	0.060030572	453.8477661
5	5	1	24.765709	0.05471	0.05471	452.6724365
45	45	1	22.286674	-0.049373083	0.049373083	451.3932014
60	60	5	17.824413	0.03954918	0.03954918	450.6898247
25	25	5	28.732162	0.064073436	0.064073436	448.425491
85	85	5	18.32022	-0.04107792	0.04107792	445.9870412
40	40	1	25.261515	-0.056657612	0.056657612	445.8626848
55	55	5	19.311834	0.043592043	0.043592043	443.0128223
35	35	1	28.236355	-0.063942134	0.063942134	441.5923153
80	80	5	21.295061	-0.04836245	0.04836245	440.3222128
50	50	5	20.799255	0.047634907	0.047634907	436.6389337
55	55	1	16.832802	-0.03857982	0.03857982	436.3110559
75	75	5	24.269901	-0.055646963	0.055646963	436.140621
50	50	1	19.80764	-0.04586435	0.04586435	431.8744297
45	45	5	22.286674	0.05167777	0.05167777	431.262301
45	45	1	22.782482	-0.05314888	0.05314888	428.6540375
40	40	5	23.774094	0.055720635	0.055720635	426.6658842
40	40	1	25.75732	-0.06043341	0.06043341	426.2099392
95	95	5	12.866346	-0.030284656	0.030284656	424.8470248
35	35	5	25.261515	0.059763506	0.059763506	422.691316
15	15	1	21.295061	0.05040007	0.05040007	422.5204648
90	90	5	15.841187	-0.037569188	0.037569188	421.6536966
85	85	5	18.816029	-0.044853717	0.044853717	419.4976528
30	30	5	26.748936	0.06380637	0.06380637	419.2204634
10	10	1	22.782482	0.054442927	0.054442927	418.4654142
80	80	5	21.790867	-0.052138247	0.052138247	417.9439903
25	25	5	28.236355	0.067849234	0.067849234	416.1632097
5	5	1	24.269901	0.0584858	0.0584858	414.9708305
20	20	5	29.723774	0.0718921	0.0718921	413.4497949
55	55	1	17.328608	-0.04235562	0.04235562	409.1218119
50	50	1	20.303448	-0.04964015	0.04964015	409.0126239
45	45	1	23.278288	-0.05692468	0.05692468	408.9313809
40	40	1	26.253128	-0.06420921	0.06420921	408.868572
65	65	5	15.841187	0.039282113	0.039282113	403.2671817
60	60	5	17.328608	0.043324977	0.043324977	399.9680831
80	80	5	22.286674	-0.055914044	0.055914044	398.5881257
55	55	5	18.816029	0.04736784	0.04736784	397.2321516
85	85	5	19.311834	-0.048629515	0.048629515	397.1216657
90	90	5	16.336994	-0.041344985	0.041344985	395.1384672
50	50	5	20.303448	0.051410705	0.051410705	394.9264652
40	40	1	26.748936	-0.067985006	0.067985006	393.4534624
45	45	5	21.790867	0.05545357	0.05545357	392.9569728
95	95	5	13.362154	-0.034060456	0.034060456	392.3069615
45	45	1	23.774094	-0.060700476	0.060700476	391.6623982
40	40	5	23.278288	0.059496433	0.059496433	391.2551867
35	35	5	24.765709	0.063539304	0.063539304	389.7699131
50	50	1	20.799255	-0.053415947	0.053415947	389.3828747
30	30	5	26.253128	0.06758217	0.06758217	388.4623415
25	25	5	27.740547	0.07162503	0.07162503	387.3024137
55	55	1	17.824413	-0.046131417	0.046131417	386.3833838
20	20	5	29.227968	0.075667895	0.075667895	386.2664344
15	15	1	20.799255	0.05417587	0.05417587	383.921015
10	10	1	22.286674	0.058218732	0.058218732	382.8093336
5	5	1	23.774094	0.062261596	0.062261596	381.8420267
80	80	5	22.782482	-0.059689842	0.059689842	381.6810572
40	40	1	27.244741	-0.0717608	0.0717608	379.6604971
85	85	5	19.80764	-0.052405313	0.052405313	377.9700734
45	45	1	24.269901	-0.064476274	0.064476274	376.4159976
90	90	5	16.832802	-0.045120783	0.045120783	373.0609462
50	50	1	21.295061	-0.057191744	0.057191744	372.3450189
40	40	1	27.740547	-0.0755366	0.0755366	367.2464342
55	55	1	18.32022	-0.049907215	0.049907215	367.0856007
80	80	5	23.278288	-0.06346564	0.06346564	366.7856812
95	95	5	13.85796	-0.037836254	0.037836254	366.2614169
45	45	1	24.765709	-0.06825207	0.06825207	362.8565258
15	15	5	30.219582	0.083486564	0.083486564	361.9694062
20	20	5	28.732162	0.07944369	0.07944369	361.6670122
85	85	5	20.303448	-0.05618111	0.05618111	361.3927884
25	25	5	27.244741	0.07540083	0.07540083	361.33211
30	30	5	25.75732	0.071357965	0.071357965	360.9592846
35	35	5	24.269901	0.0673151	0.0673151	360.5417061
40	40	5	22.782482	0.06327223	0.06327223	360.0707925
45	45	5	21.295061	0.059229366	0.059229366	359.5355216
50	50	5	19.80764	0.055186503	0.055186503	358.9218183
55	55	5	18.32022	0.05114364	0.05114364	358.2111089
50	50	1	21.790867	-0.060967542	0.060967542	357.4175091
60	60	5	16.832802	0.047100775	0.047100775	357.3784508
90	90	5	17.328608	-0.04889658	0.04889658	354.3930475
80	80	5	23.774094	-0.06724144	0.06724144	353.5631301
5	5	1	23.278288	0.066037394	0.066037394	352.5016145
10	10	1	21.790867	0.061994523	0.061994523	351.4966475
45	45	1	25.261515	-0.07202787	0.07202787	350.7186177
55	55	1	18.816029	-0.053683013	0.053683013	350.5024765
85	85	5	20.799255	-0.05995691	0.05995691	346.9033844
95	95	5	14.353767	-0.04161205	0.04161205	344.9425587
50	50	1	22.286674	-0.06474334	0.06474334	344.2311441
15	15	5	29.723774	0.08726236	0.08726236	340.6253739
45	45	1	25.75732	-0.07580367	0.07580367	339.7898809
20	20	5	28.236355	0.08321949	0.08321949	339.2997842
90	90	5	17.824413	-0.05267238	0.05267238	338.4015114
25	25	5	26.748936	0.07917663	0.07917663	337.8387789
30	30	5	25.261515	0.07513376	0.07513376	336.2205618
55	55	1	19.311834	-0.05745881	0.05745881	336.0987462
35	35	5	23.774094	0.0710909	0.0710909	334.4182448
85	85	5	21.295061	-0.063732706	0.063732706	334.130815
50	50	1	22.782482	-0.06851914	0.06851914	332.4980728
40	40	5	22.286674	0.06704803	0.06704803	332.3986402
45	45	5	20.799255	0.063005164	0.063005164	330.1198454
45	45	1	26.253128	-0.079579465	0.079579465	329.8982721
50	50	5	19.311834	0.0589623	0.0589623	327.5285055
95	95	5	14.849573	-0.04538785	0.04538785	327.1706635
5	5	1	22.782482	0.06981319	0.06981319	326.3349232
60	60	1	16.336994	-0.05017428	0.05017428	325.6049514
55	55	5	17.824413	0.054919437	0.054919437	324.5556396
90	90	5	18.32022	-0.056448177	0.056448177	324.549365
10	10	1	21.295061	0.06577033	0.06577033	323.7791417
55	55	1	19.80764	-0.06123461	0.06123461	323.4713179
10	10	5	30.71539	0.095081024	0.095081024	323.0443753
85	85	5	21.790867	-0.067508504	0.067508504	322.7869929
50	50	1	23.278288	-0.072294936	0.072294936	321.9905748
60	60	5	16.336994	0.050876573	0.050876573	321.1103468
15	15	5	29.227968	0.09103816	0.09103816	321.0518315
45	45	1	26.748936	-0.08335526	0.08335526	320.9027961
20	20	5	27.740547	0.08699529	0.08699529	318.8741253
25	25	5	26.253128	0.082952425	0.082952425	316.4841534
30	30	5	24.765709	0.07890956	0.07890956	313.8492852
45	45	1	27.244741	-0.08713106	0.08713106	312.6868995
85	85	5	22.286674	-0.0712843	0.0712843	312.6449162
50	50	1	23.774094	-0.07607073	0.07607073	312.5261714
90	90	5	18.816029	-0.060223974	0.060223974	312.4341977
55	55	1	20.303448	-0.065010406	0.065010406	312.3107399
95	95	5	15.345381	-0.049163647	0.049163647	312.1286141
60	60	1	16.832802	-0.05395008	0.05395008	312.0069887
35	35	5	23.278288	0.0748667	0.0748667	310.9297992
40	40	5	21.790867	0.070823826	0.070823826	307.6770662
10	10	5	30.219582	0.09885682	0.09885682	305.6904116
45	45	5	20.303448	0.06678096	0.06678096	304.0304901
50	50	1	24.269901	-0.07984653	0.07984653	303.9568658
85	85	5	22.782482	-0.0750601	0.0750601	303.5232034
15	15	5	28.732162	0.09481396	0.09481396	303.0372532
5	5	1	22.286674	0.07358899	0.07358899	302.8533752
55	55	1	20.799255	-0.068786204	0.068786204	302.3753862
90	90	5	19.311834	-0.06399977	0.06399977	301.7484907
60	60	1	17.328608	-0.057725877	0.057725877	300.187869
20	20	5	27.244741	0.09077109	0.09077109	300.1477783
50	50	5	18.816029	0.0627381	0.0627381	299.913912
95	95	5	15.841187	-0.052939445	0.052939445	299.2322077
25	25	5	25.75732	0.08672822	0.08672822	296.9889155
50	50	1	24.765709	-0.08362233	0.08362233	296.161432
100	100	5	12.370541	-0.041879117	0.041879117	295.3868631
85	85	5	23.278288	-0.0788359	0.0788359	295.2752236
55	55	5	17.328608	0.058695234	0.058695234	295.2302396
30	30	5	24.269901	0.08268536	0.08268536	293.5211384
55	55	1	21.295061	-0.072562	0.072562	293.4740084
5	5	5	31.211195	0.10667548	0.10667548	292.5807786
90	90	5	19.80764	-0.06777557	0.06777557	292.2533886
60	60	1	17.824413	-0.061501674	0.061501674	289.8199649
35	35	5	22.782482	0.078642495	0.078642495	289.6968363
10	10	5	29.723774	0.10263262	0.10263262	289.6133218
50	50	1	25.261515	-0.08739813	0.08739813	289.0395367
95	95	5	16.336994	-0.056715243	0.056715243	288.0529666
15	15	5	28.236355	0.098589756	0.098589756	286.4025244
40	40	5	21.295061	0.07459962	0.07459962	285.4580358
55	55	1	21.790867	-0.0763378	0.0763378	285.45317
90	90	5	20.303448	-0.07155137	0.07155137	283.7604367
20	20	5	26.748936	0.094546884	0.094546884	282.917161
50	50	1	25.75732	-0.091173925	0.091173925	282.5075261
100	100	5	12.866346	-0.045654915	0.045654915	281.8173246
5	5	1	21.790867	0.07736479	0.07736479	281.6638809
45	45	5	19.80764	0.07055676	0.07055676	280.7334124
60	60	1	18.32022	-0.06527747	0.06527747	280.651502
25	25	5	25.261515	0.09050402	0.09050402	279.1203639
95	95	5	16.832802	-0.06049104	0.06049104	278.2693437
55	55	1	22.286674	-0.0801136	0.0801136	278.1883975
5	5	5	30.71539	0.11045128	0.11045128	278.0899416
50	50	1	26.253128	-0.09494972	0.09494972	276.4950544
90	90	5	20.799255	-0.075327165	0.075327165	276.1189141
50	50	5	18.32022	0.066513896	0.066513896	275.4344746
30	30	5	23.774094	0.08646116	0.08646116	274.968483
10	10	5	29.227968	0.10640842	0.10640842	274.6772107
60	60	1	18.816029	-0.06905327	0.06905327	272.4857056
55	55	1	22.782482	-0.083889395	0.083889395	271.5776172
15	15	5	27.740547	0.10236555	0.10236555	270.994949
50	50	1	26.748936	-0.09872552	0.09872552	270.9424676
35	35	5	22.286674	0.08241829	0.08241829	270.409323
100	100	5	13.362154	-0.049430713	0.049430713	270.3208833
95	95	5	17.328608	-0.06426684	0.06426684	269.6352894
55	55	5	16.832802	0.062471032	0.062471032	269.4497187
90	90	5	21.295061	-0.07910296	0.07910296	269.2068792
20	20	5	26.253128	0.09832268	0.09832268	267.0098903
55	55	1	23.278288	-0.08766519	0.08766519	265.536275
40	40	5	20.799255	0.07837542	0.07837542	265.3798219
60	60	1	19.311834	-0.07282907	0.07282907	265.1665606
5	5	5	30.219582	0.11422709	0.11422709	264.5570503
90	90	5	21.790867	-0.08287876	0.08287876	262.9246263
25	25	5	24.765709	0.09427982	0.09427982	262.6830323
95	95	5	17.824413	-0.068042636	0.068042636	261.959472
10	10	5	28.732162	0.110184215	0.110184215	260.7647747
100	100	5	13.85796	-0.05320651	0.05320651	260.4560983
55	55	1	23.774094	-0.09144099	0.09144099	259.9938386
45	45	5	19.311834	0.07433256	0.07433256	259.8031603
60	60	1	19.80764	-0.076604865	0.076604865	258.5689564
30	30	5	23.278288	0.090236954	0.090236954	257.9684594
90	90	5	22.286674	-0.08665456	0.08665456	257.1898582
15	15	5	27.244741	0.10614135	0.10614135	256.6835734
65	65	1	15.841187	-0.06176874	0.06176874	256.4596105
95	95	5	18.32022	-0.07181843	0.07181843	255.0907894
55	55	1	24.269901	-0.09521679	0.09521679	254.8909809
50	50	5	17.824413	0.070289694	0.070289694	253.5850135
35	35	5	21.790867	0.08619409	0.08619409	252.8116139
60	60	1	20.303448	-0.08038066	0.08038066	252.5912079
20	20	5	25.75732	0.10209848	0.10209848	252.279172
90	90	5	22.782482	-0.09043036	0.09043036	251.9339965
100	100	5	14.353767	-0.05698231	0.05698231	251.8986507
5	5	5	29.723774	0.11800288	0.11800288	251.890242
55	55	1	24.765709	-0.098992586	0.098992586	250.1774123
65	65	1	16.336994	-0.06554454	0.06554454	249.2502655
95	95	5	18.816029	-0.07559423	0.07559423	248.9082699
10	10	5	28.236355	0.11396001	0.11396001	247.7742412
25	25	5	24.269901	0.098055616	0.098055616	247.5115857
60	60	1	20.799255	-0.08415646	0.08415646	247.1498326
40	40	5	20.303448	0.08215122	0.08215122	247.1472487
55	55	1	25.261515	-0.102768384	0.102768384	245.8101803
100	100	5	14.849573	-0.060758106	0.060758106	244.4048042
15	15	5	26.748936	0.10991715	0.10991715	243.3554363
95	95	5	19.311834	-0.07937003	0.07937003	243.313931
65	65	1	16.832802	-0.069320336	0.069320336	242.8263187
30	30	5	22.782482	0.09401275	0.09401275	242.33396
60	60	1	21.295061	-0.08793226	0.08793226	242.1757498
55	55	1	25.75732	-0.10654418	0.10654418	241.7524824
45	45	5	18.816029	0.078108355	0.078108355	240.8964956
5	5	5	29.227968	0.12177867	0.12177867	240.0089277
20	20	5	25.261515	0.10587428	0.10587428	238.5991669
95	95	5	19.80764	-0.08314583	0.08314583	238.2277019
55	55	1	26.253128	-0.11031998	0.11031998	237.9725595
100	100	5	15.345381	-0.064533904	0.064533904	237.7878921
60	60	1	21.790867	-0.09170806	0.09170806	237.6112525
65	65	1	17.328608	-0.073096134	0.073096134	237.0659986
35	35	5	21.295061	0.08996989	0.08996989	236.6909752
10	10	5	27.740547	0.1177358	0.1177358	235.6169237
50	50	5	17.328608	0.07406549	0.07406549	233.9633208
95	95	5	20.303448	-0.086921625	0.086921625	233.5833919
25	25	5	23.774094	0.101831414	0.101831414	233.4652252
60	60	1	22.286674	-0.095483854	0.095483854	233.4077759
100	100	5	15.841187	-0.0683097	0.0683097	231.9024531
65	65	1	17.824413	-0.07687193	0.07687193	231.8715427
15	15	5	26.253128	0.11369294	0.11369294	230.9125615
40	40	5	19.80764	0.08592702	0.08592702	230.5170132
60	60	1	22.782482	-0.09925965	0.09925965	229.5241017
95	95	5	20.799255	-0.09069742	0.09069742	229.3257625
5	5	5	28.732162	0.12555447	0.12555447	228.8422069
30	30	5	22.286674	0.09778855	0.09778855	227.9067846
65	65	1	18.32022	-0.08064773	0.08064773	227.1634924
100	100	5	16.336994	-0.0720855	0.0720855	226.6335671
60	60	1	23.278288	-0.10303545	0.10303545	225.9250384
20	20	5	24.765709	0.109650075	0.109650075	225.8613047
95	95	5	21.295061	-0.09447322	0.09447322	225.4084385
10	10	5	27.244741	0.12151161	0.12151161	224.2151264
45	45	5	18.32022	0.08188415	0.08188415	223.7334087
65	65	1	18.816029	-0.08442353	0.08442353	222.8765961
60	60	1	23.774094	-0.10681125	0.10681125	222.5804304
100	100	5	16.832802	-0.0758613	0.0758613	221.8891846
35	35	5	20.799255	0.093745686	0.093745686	221.8689295
95	95	5	21.790867	-0.09824902	0.09824902	221.7922072
25	25	5	23.278288	0.10560721	0.10560721	220.4232836
60	60	1	24.269901	-0.110587046	0.110587046	219.4642309
15	15	5	25.75732	0.117468745	0.117468745	219.2695597
65	65	1	19.311834	-0.088199325	0.088199325	218.9567097
95	95	5	22.286674	-0.102024816	0.102024816	218.4436579
5	5	5	28.236355	0.12933028	0.12933028	218.3274868
100	100	5	17.328608	-0.079637095	0.079637095	217.5946775
60	60	1	24.765709	-0.11436284	0.11436284	216.5538124
65	65	1	19.80764	-0.09197512	0.09197512	215.3586753
40	40	5	19.311834	0.089702815	0.089702815	215.2868224
30	30	5	21.790867	0.10156435	0.10156435	214.5523208
20	20	5	24.269901	0.11342588	0.11342588	213.9714587
60	60	1	25.261515	-0.11813864	0.11813864	213.8294042
100	100	5	17.824413	-0.08341289	0.08341289	213.6889514
10	10	5	26.748936	0.12528741	0.12528741	213.5005904
65	65	1	20.303448	-0.09575092	0.09575092	212.0444169
60	60	1	25.75732	-0.12191444	0.12191444	211.2737425
100	100	5	18.32022	-0.08718869	0.08718869	210.1215192
70	70	1	15.345381	-0.0733632	0.0733632	209.1700062
65	65	1	20.799255	-0.09952672	0.09952672	208.9816182
5	5	5	27.740547	0.13310607	0.13310607	208.409331
15	15	5	25.261515	0.12124455	0.12124455	208.3517568
25	25	5	22.782482	0.10938301	0.10938301	208.2817249
35	35	5	20.303448	0.097521484	0.097521484	208.1946169
45	45	5	17.824413	0.08565995	0.08565995	208.0833925
100	100	5	18.816029	-0.09096449	0.09096449	206.8502665
65	65	1	21.295061	-0.103302516	0.103302516	206.1427139
70	70	1	15.841187	-0.077139	0.077139	205.3589883
100	100	5	19.311834	-0.09474029	0.09474029	203.839718
65	65	1	21.790867	-0.107078314	0.107078314	203.5040167
10	10	5	26.253128	0.1290632	0.1290632	203.4129636
20	20	5	23.774094	0.11720167	0.11720167	202.847741
30	30	5	21.295061	0.105340146	0.105340146	202.1552258
70	70	1	16.336994	-0.080914795	0.080914795	201.9036692
40	40	5	18.816029	0.09347861	0.09347861	201.2870003
100	100	5	19.80764	-0.098516084	0.098516084	201.0599609
65	65	1	22.286674	-0.11085411	0.11085411	201.0450853
5	5	5	27.244741	0.13688186	0.13688186	199.0383605
70	70	1	16.832802	-0.08469059	0.08469059	198.7564616
65	65	1	22.782482	-0.11462991	0.11462991	198.7481452
100	100	5	20.303448	-0.10229188	0.10229188	198.4854321
15	15	5	24.765709	0.12502034	0.12502034	198.0934382
25	25	5	22.286674	0.11315881	0.11315881	196.9504098
65	65	1	23.278288	-0.11840571	0.11840571	196.597681
100	100	5	20.799255	-0.10606768	0.10606768	196.0941825
70	70	1	17.328608	-0.08846639	0.08846639	195.8778696
35	35	5	19.80764	0.10129728	0.10129728	195.5397025
65	65	1	23.774094	-0.122181505	0.122181505	194.5801371
10	10	5	25.75732	0.132839	0.132839	193.8987797
100	100	5	21.295061	-0.10984348	0.10984348	193.8673192
70	70	1	17.824413	-0.09224219	0.09224219	193.2349286
65	65	1	24.269901	-0.1259573	0.1259573	192.6835602
20	20	5	23.278288	0.12097746	0.12097746	192.4183893
100	100	5	21.790867	-0.113619275	0.113619275	191.7884708
65	65	1	24.765709	-0.1297331	0.1297331	190.8973809
70	70	1	18.32022	-0.09601799	0.09601799	190.7998699
30	30	5	20.799255	0.10911594	0.10911594	190.6161006
5	5	5	26.748936	0.14065766	0.14065766	190.1704891
65	65	1	25.261515	-0.13350889	0.13350889	189.2122315
70	70	1	18.816029	-0.099793784	0.099793784	188.5491084
15	15	5	24.269901	0.12879613	0.12879613	188.4365703
40	40	5	18.32022	0.09725441	0.09725441	188.3741827
70	70	1	19.311834	-0.10356958	0.10356958	186.4624149
25	25	5	21.790867	0.1169346	0.1169346	186.3508919
10	10	5	25.261515	0.1366148	0.1366148	184.9105295
70	70	1	19.80764	-0.10734538	0.10734538	184.5225197
35	35	5	19.311834	0.10507308	0.10507308	183.7943077
70	70	1	20.303448	-0.11112118	0.11112118	182.7144744
20	20	5	22.782482	0.12475327	0.12475327	182.6203193
5	5	5	26.253128	0.14443347	0.14443347	181.7662347
70	70	1	20.799255	-0.114896975	0.114896975	181.025262
30	30	5	20.303448	0.11289174	0.11289174	179.8488357
70	70	1	21.295061	-0.11867277	0.11867277	179.443532
15	15	5	23.774094	0.13257194	0.13257194	179.3297586
70	70	1	21.790867	-0.12244857	0.12244857	177.9593424
70	70	1	22.286674	-0.12622437	0.12622437	176.5639551
25	25	5	21.295061	0.1207104	0.1207104	176.414468
10	10	5	24.765709	0.1403906	0.1403906	176.4057494
70	70	1	22.782482	-0.13000016	0.13000016	175.2496458
75	75	1	14.849573	-0.08495766	0.08495766	174.7879238
70	70	1	23.278288	-0.13377596	0.13377596	174.0095007
5	5	5	25.75732	0.14820926	0.14820926	173.7902207
20	20	5	22.286674	0.12852907	0.12852907	173.3979247
75	75	1	15.345381	-0.08873346	0.08873346	172.9379312
35	35	5	18.816029	0.10884888	0.10884888	172.8637814
70	70	1	23.774094	-0.13755175	0.13755175	172.8374521
70	70	1	24.269901	-0.14132756	0.14132756	171.7280126
75	75	1	15.841187	-0.092509255	0.092509255	171.2389425
15	15	5	23.278288	0.13634774	0.13634774	170.7273476
70	70	1	24.765709	-0.14510337	0.14510337	170.6763185
30	30	5	19.80764	0.11666754	0.11666754	169.7785005
75	75	1	16.336994	-0.09628505	0.09628505	169.6732151
10	10	5	24.269901	0.1441664	0.1441664	168.3464455
75	75	1	16.832802	-0.10006085	0.10006085	168.2256547
25	25	5	20.799255	0.12448621	0.12448621	167.0807955
75	75	1	17.328608	-0.10383665	0.10383665	166.88335
5	5	5	25.261515	0.15198505	0.15198505	166.2105253
75	75	1	17.824413	-0.107612446	0.107612446	165.635237
20	20	5	21.790867	0.13230486	0.13230486	164.7019391
75	75	1	18.32022	-0.111388244	0.111388244	164.4717552
75	75	1	18.816029	-0.11516404	0.11516404	163.384586
15	15	5	22.782482	0.14012353	0.14012353	162.5885531
75	75	1	19.311834	-0.11893984	0.11893984	162.366403
75	75	1	19.80764	-0.12271564	0.12271564	161.4108845
10	10	5	23.774094	0.14794219	0.14794219	160.6985404
75	75	1	20.303448	-0.12649143	0.12649143	160.5124395
30	30	5	19.311834	0.120443344	0.120443344	160.3395701
75	75	1	20.799255	-0.13026723	0.13026723	159.6660572
5	5	5	24.765709	0.15576085	0.15576085	158.9982913
75	75	1	21.295061	-0.13404302	0.13404302	158.8673621
25	25	5	20.303448	0.128262	0.128262	158.296674
75	75	1	21.790867	-0.13781883	0.13781883	158.1124074
75	75	1	22.286674	-0.14159462	0.14159462	157.3977458
75	75	1	22.782482	-0.14537042	0.14537042	156.7202048
20	20	5	21.295061	0.13608065	0.13608065	156.4885309
75	75	1	23.278288	-0.14914623	0.14914623	156.0769454
75	75	1	23.774094	-0.15292202	0.15292202	155.4654719
75	75	1	24.269901	-0.15669781	0.15669781	154.8834728
15	15	5	22.286674	0.14389932	0.14389932	154.8768542
10	10	5	23.278288	0.15171799	0.15171799	153.4312971
5	5	5	24.269901	0.15953666	0.15953666	152.1274233
25	25	5	19.80764	0.13203779	0.13203779	150.0149313
20	20	5	20.799255	0.13985646	0.13985646	148.7185862
80	80	1	14.353767	-0.09655213	0.09655213	148.6633904
80	80	1	14.849573	-0.10032793	0.10032793	148.0103596
15	15	5	21.790867	0.14767513	0.14767513	147.5594909
80	80	1	15.345381	-0.10410373	0.10410373	147.4047184
80	80	1	15.841187	-0.10787953	0.10787953	146.8414536
10	10	5	22.782482	0.1554938	0.1554938	146.5169801
80	80	1	16.336994	-0.111655325	0.111655325	146.3162997
80	80	1	16.832802	-0.11543112	0.11543112	145.8255105
5	5	5	23.774094	0.16331245	0.16331245	145.5742903
80	80	1	17.328608	-0.11920692	0.11920692	145.3657892
80	80	1	17.824413	-0.12298272	0.12298272	144.9342883
80	80	1	18.32022	-0.12675852	0.12675852	144.5285098
80	80	1	18.816029	-0.1305343	0.1305343	144.1462436
80	80	1	19.311834	-0.13431011	0.13431011	143.7854083
80	80	1	19.80764	-0.1380859	0.1380859	143.4443343
80	80	1	20.303448	-0.1418617	0.1418617	143.1214204
80	80	1	20.799255	-0.14563751	0.14563751	142.8152335
80	80	1	21.295061	-0.1494133	0.1494133	142.5245343
80	80	1	21.790867	-0.1531891	0.1531891	142.248156
80	80	1	22.286674	-0.1569649	0.1569649	141.9850807
80	80	1	22.782482	-0.1607407	0.1607407	141.7343709
80	80	1	23.278288	-0.1645165	0.1645165	141.495157
20	20	5	20.303448	0.14363226	0.14363226	141.3571575
80	80	1	23.774094	-0.16829228	0.16829228	141.2666939
15	15	5	21.295061	0.15145093	0.15145093	140.6070006
10	10	5	22.286674	0.15926959	0.15926959	139.930504
5	5	5	23.278288	0.16708824	0.16708824	139.3173332
15	15	5	20.799255	0.15522672	0.15522672	133.9927494
10	10	5	21.790867	0.16304538	0.16304538	133.6490921
5	5	5	22.782482	0.17086405	0.17086405	133.3368956
85	85	1	23.278288	-0.17988676	0.17988676	129.4052325
85	85	1	22.782482	-0.17611095	0.17611095	129.3643695
85	85	1	22.286674	-0.17233515	0.17233515	129.3216967
85	85	1	21.790867	-0.16855936	0.16855936	129.2771104
85	85	1	21.295061	-0.16478357	0.16478357	129.230487
85	85	1	20.799255	-0.16100776	0.16100776	129.1816929
85	85	1	20.303448	-0.15723196	0.15723196	129.1305406
85	85	1	19.80764	-0.15345617	0.15345617	129.0768563
85	85	1	19.311834	-0.14968038	0.14968038	129.0204768
85	85	1	18.816029	-0.14590457	0.14590457	128.9612039
85	85	1	18.32022	-0.14212877	0.14212877	128.8987444
85	85	1	17.824413	-0.13835298	0.13835298	128.8328809
85	85	1	17.328608	-0.13457717	0.13457717	128.7633556
85	85	1	16.832802	-0.13080138	0.13080138	128.6897891
85	85	1	16.336994	-0.12702557	0.12702557	128.6118535
85	85	1	15.841187	-0.123249784	0.123249784	128.5291259
85	85	1	15.345381	-0.11947399	0.11947399	128.4411862
85	85	1	14.849573	-0.11569819	0.11569819	128.3474962
85	85	1	14.353767	-0.11192239	0.11192239	128.2475026
85	85	1	13.85796	-0.10814659	0.10814659	128.1405174
10	10	5	21.295061	0.16682118	0.16682118	127.6520224
5	5	5	22.286674	0.17463985	0.17463985	127.6150546
5	5	5	21.790867	0.17841564	0.17841564	122.1354081
90	90	1	22.782482	-0.1914812	0.1914812	118.980255
90	90	1	22.286674	-0.18770541	0.18770541	118.7321878
90	90	1	21.790867	-0.18392962	0.18392962	118.4739413
90	90	1	21.295061	-0.18015382	0.18015382	118.2048818
90	90	1	20.799255	-0.17637801	0.17637801	117.9243093
90	90	1	20.303448	-0.17260222	0.17260222	117.6314418
90	90	1	19.80764	-0.16882643	0.16882643	117.3254685
90	90	1	19.311834	-0.16505063	0.16505063	117.0055152
90	90	1	18.816029	-0.16127482	0.16127482	116.6705937
90	90	1	18.32022	-0.15749903	0.15749903	116.3195735
90	90	1	17.824413	-0.15372324	0.15372324	115.9513226
90	90	1	17.328608	-0.14994743	0.14994743	115.5645549
90	90	1	16.832802	-0.14617163	0.14617163	115.1577909
90	90	1	16.336994	-0.14239584	0.14239584	114.7294331
90	90	1	15.841187	-0.13862005	0.13862005	114.277747
90	90	1	15.345381	-0.13484424	0.13484424	113.8007897
90	90	1	14.849573	-0.13106844	0.13106844	113.2963282
90	90	1	14.353767	-0.12729265	0.12729265	112.7619466
90	90	1	13.85796	-0.12351685	0.12351685	112.1948949
90	90	1	13.362154	-0.11974105	0.11974105	111.5920898
95	95	1	22.286674	-0.20307568	0.20307568	109.7456574
95	95	1	21.790867	-0.19929987	0.19929987	109.3370859
95	95	1	21.295061	-0.19552407	0.19552407	108.9127339
95	95	1	20.799255	-0.19174828	0.19174828	108.471664
95	95	1	20.303448	-0.18797249	0.18797249	108.0128693
95	95	1	19.80764	-0.18419668	0.18419668	107.5352715
95	95	1	19.311834	-0.18042088	0.18042088	107.0376888
95	95	1	18.816029	-0.17664509	0.17664509	106.5188339
95	95	1	18.32022	-0.1728693	0.1728693	105.9772904
95	95	1	17.824413	-0.16909349	0.16909349	105.4115862
95	95	1	17.328608	-0.16531768	0.16531768	104.8200531
95	95	1	16.832802	-0.1615419	0.1615419	104.200842
95	95	1	16.336994	-0.1577661	0.1577661	103.5519925
95	95	1	15.841187	-0.1539903	0.1539903	102.8713302
95	95	1	15.345381	-0.1502145	0.1502145	102.1564563
100	100	1	21.790867	-0.21467012	0.21467012	101.508617
95	95	1	14.849573	-0.1464387	0.1464387	101.4047038
100	100	1	21.295061	-0.21089433	0.21089433	100.9750286
95	95	1	14.353767	-0.14266291	0.14266291	100.6131657
100	100	1	20.799255	-0.20711854	0.20711854	100.4219854
100	100	1	20.303448	-0.20334274	0.20334274	99.84840373
95	95	1	13.85796	-0.1388871	0.1388871	99.77859715
100	100	1	19.80764	-0.19956693	0.19956693	99.25311774
95	95	1	13.362154	-0.1351113	0.1351113	98.89738312
100	100	1	19.311834	-0.19579114	0.19579114	98.63487183
100	100	1	18.816029	-0.19201535	0.19201535	97.99231676
95	95	1	12.866346	-0.13133551	0.13133551	97.96547788
100	100	1	18.32022	-0.18823954	0.18823954	97.32397349
100	100	1	17.824413	-0.18446374	0.18446374	96.62827502
100	100	1	17.328608	-0.18068795	0.18068795	95.90350657
100	100	1	16.832802	-0.17691216	0.17691216	95.14779538
100	100	1	16.336994	-0.17313635	0.17313635	94.35912216
100	100	1	15.841187	-0.16936055	0.16936055	93.53528316
100	100	1	15.345381	-0.16558476	0.16558476	92.67387289
100	100	1	14.849573	-0.16180897	0.16180897	91.77224847
100	100	1	14.353767	-0.15803316	0.15803316	90.82756429
100	100	1	13.85796	-0.15425736	0.15425736	89.83662109
100	100	1	13.362154	-0.15048157	0.15048157	88.79595023
100	100	1	12.866346	-0.14670578	0.14670578	87.70169792
100	100	1	12.370541	-0.14292997	0.14292997	86.54966485
