tag	x	t	y	v	s	speed	efficiency
e	20	1	20	32.29822	5.5801123e-05	455.1879718	1.5932%
s	20	1	20	32.29822	5.5801123e-05	455.1879718	1.5932%
20	20	1	20	32.29822	5.5801123e-05	455.1879718	1.5932%
60	60	5	55	23.011162	0.0016766526	15.14923246	0.0383%
25	25	1	40	29.202536	0.0019394979	13.09617298	0.0401%
65	65	5	75	19.915476	0.0035603605	7.134109032	0.0168%
30	30	1	60	26.10685	0.0038232096	6.643632617	0.0183%
50	50	5	10	29.821672	0.0046019107	5.51944652	0.0173%
70	70	5	95	16.81979	0.0054440387	4.665653828	0.0104%
35	35	1	80	23.011162	0.0057069026	4.45075057	0.0113%
55	55	5	30	26.725986	0.0064856224	3.916355044	0.0110%
20	20	1	15	32.91736	0.0067484826	3.763809067	0.0136%
40	40	1	100	19.915476	0.0075906105	3.34623941	0.0079%
60	60	5	50	23.630299	0.00836933	3.034890487	0.0078%
25	25	1	35	29.821672	0.008632179	2.942478371	0.0092%
65	65	5	70	20.534613	0.010253046	2.477312596	0.0059%
30	30	1	55	26.725986	0.010515887	2.415393014	0.0068%
50	50	5	5	30.44081	0.011294592	2.248863881	0.0072%
70	70	5	90	17.438927	0.012136724	2.092821753	0.0047%
35	35	1	75	23.630299	0.01239958	2.04845648	0.0053%
55	55	5	25	27.345123	0.0131783	1.927410971	0.0055%
20	20	1	10	33.536495	0.01344116	1.889717852	0.0070%
40	40	1	95	20.534613	0.014283288	1.778302027	0.0043%
60	60	5	45	24.249437	0.015062012	1.686361689	0.0044%
25	25	1	30	30.44081	0.015324857	1.657437978	0.0053%
65	65	5	65	21.153751	0.016945723	1.498903293	0.0036%
30	30	1	50	27.345123	0.017208565	1.476009185	0.0042%
70	70	5	85	18.058064	0.018829402	1.348954152	0.0031%
35	35	1	70	24.249437	0.019092266	1.330381632	0.0035%
55	55	5	20	27.96426	0.019870978	1.278246093	0.0037%
20	20	1	5	34.155632	0.020133842	1.261557531	0.0049%
40	40	1	90	21.153751	0.020975973	1.210909263	0.0029%
60	60	5	40	24.868574	0.021754686	1.167564542	0.0031%
25	25	1	25	31.059948	0.022017535	1.153625962	0.0038%
65	65	5	60	21.772888	0.023638401	1.074522765	0.0026%
30	30	1	45	27.96426	0.023901243	1.062706237	0.0031%
70	70	5	80	18.6772	0.02552208	0.9952166908	0.0023%
35	35	1	65	24.868574	0.025784943	0.9850710161	0.0026%
55	55	5	15	28.583397	0.026563663	0.9561934286	0.0029%
75	75	5	100	15.581514	0.027405787	0.9268115526	0.0020%
40	40	1	85	21.772888	0.027668651	0.9180064471	0.0023%
60	60	5	35	25.48771	0.028447371	0.8928768848	0.0024%
25	25	1	20	31.679085	0.028710213	0.8847025969	0.0030%
65	65	5	55	22.392025	0.030331079	0.8374248737	0.0021%
30	30	1	40	28.583397	0.03059392	0.8302303203	0.0025%
70	70	5	75	19.296339	0.032214757	0.7884585316	0.0018%
35	35	1	60	25.48771	0.03247762	0.7820770118	0.0021%
55	55	5	10	29.202536	0.03325634	0.7637641424	0.0023%
75	75	5	95	16.200653	0.034098465	0.7449015667	0.0016%
40	40	1	80	22.392025	0.03436133	0.7392030518	0.0018%
60	60	5	30	26.10685	0.03514005	0.7228219653	0.0020%
25	25	1	15	32.29822	0.035402898	0.7174553902	0.0025%
45	45	1	100	19.296339	0.036245037	0.7007856	0.0016%
65	65	5	50	23.011162	0.037023757	0.6860459893	0.0017%
30	30	1	35	29.202536	0.037286606	0.681209762	0.0021%
70	70	5	70	19.915476	0.038907442	0.6528314043	0.0015%
35	35	1	55	26.10685	0.0391703	0.6484504842	0.0018%
55	55	5	5	29.821672	0.03994902	0.6358103403	0.0020%
75	75	5	90	16.81979	0.04079115	0.6226840871	0.0014%
40	40	1	75	23.011162	0.041054007	0.61869722	0.0016%
60	60	5	25	26.725986	0.041832726	0.6071801297	0.0017%
25	25	1	10	32.91736	0.042095575	0.603388836	0.0022%
45	45	1	95	19.915476	0.042937715	0.5915545343	0.0014%
65	65	5	45	23.630299	0.043716434	0.5810171982	0.0015%
30	30	1	30	29.821672	0.043979283	0.5775446589	0.0018%
70	70	5	65	20.534613	0.04560012	0.557016078	0.0013%
35	35	1	50	26.725986	0.045862976	0.5538236333	0.0016%
75	75	5	85	17.438927	0.047483828	0.5349189623	0.0012%
40	40	1	70	23.630299	0.04774669	0.5319740489	0.0014%
60	60	5	20	27.345123	0.048525404	0.5234371671	0.0015%
25	25	1	5	33.536495	0.048788253	0.5206171248	0.0019%
45	45	1	90	20.534613	0.0496304	0.5117831007	0.0012%
65	65	5	40	24.249437	0.050409112	0.5038771562	0.0013%
30	30	1	25	30.44081	0.05067196	0.5012634206	0.0016%
70	70	5	60	21.153751	0.052292798	0.4857265431	0.0012%
35	35	1	45	27.345123	0.052555654	0.483297192	0.0014%
75	75	5	80	18.058064	0.054176506	0.4688379129	0.0011%
40	40	1	65	24.249437	0.05443937	0.4665740989	0.0012%
60	60	5	15	27.96426	0.05521809	0.4599941794	0.0013%
80	80	5	100	14.962378	0.056060214	0.4530842497	0.0010%
45	45	1	85	21.153751	0.056323078	0.4509696718	0.0011%
65	65	5	35	24.868574	0.057101797	0.4448196263	0.0012%
30	30	1	20	31.059948	0.05736464	0.4427814765	0.0015%
70	70	5	55	21.772888	0.058985475	0.430614486	0.0011%
35	35	1	40	27.96426	0.059248332	0.428704052	0.0013%
75	75	5	75	18.6772	0.060869183	0.4172883346	0.0010%
40	40	1	60	24.868574	0.061132047	0.4154940207	0.0011%
60	60	5	10	28.583397	0.061910767	0.4102678941	0.0012%
80	80	5	95	15.581514	0.06275289	0.4047622349	0.0009%
45	45	1	80	21.772888	0.06301576	0.4030737708	0.0010%
65	65	5	30	25.48771	0.06379448	0.3981535707	0.0011%
30	30	1	15	31.679085	0.06405732	0.3965198669	0.0013%
50	50	1	100	18.6772	0.06489943	0.3913747779	0.0009%
70	70	5	50	22.392025	0.06567815	0.386734401	0.0010%
35	35	1	35	28.583397	0.06594102	0.3851927071	0.0012%
75	75	5	70	19.296339	0.067561865	0.3759517296	0.0009%
40	40	1	55	25.48771	0.06782472	0.374494727	0.0010%
60	60	5	5	29.202536	0.06860344	0.3702438245	0.0011%
80	80	5	90	16.200653	0.06944558	0.3657540192	0.0008%
45	45	1	75	22.392025	0.06970844	0.364374816	0.0009%
65	65	5	25	26.10685	0.07048716	0.3603493175	0.0010%
30	30	1	10	32.29822	0.07075	0.3590106007	0.0013%
50	50	1	95	19.296339	0.07159211	0.3547876994	0.0008%
70	70	5	45	23.011162	0.07237083	0.3509701353	0.0009%
35	35	1	30	29.202536	0.0726337	0.3496999327	0.0011%
75	75	5	65	19.915476	0.07425454	0.3420666265	0.0008%
40	40	1	50	26.10685	0.0745174	0.3408599871	0.0009%
80	80	5	85	16.81979	0.07613826	0.3336036311	0.0007%
45	45	1	70	23.011162	0.076401114	0.3324558854	0.0008%
65	65	5	20	26.725986	0.077179834	0.3291015112	0.0009%
30	30	1	5	32.91736	0.077442676	0.327984534	0.0012%
50	50	1	90	19.915476	0.0782848	0.324456344	0.0008%
70	70	5	40	23.630299	0.079063505	0.3212607384	0.0008%
35	35	1	25	29.821672	0.07932638	0.3201961315	0.0010%
75	75	5	60	20.534613	0.08094722	0.3137847106	0.0007%
40	40	1	45	26.725986	0.08121008	0.3127690553	0.0009%
80	80	5	80	17.438927	0.08283092	0.3066487732	0.0007%
45	45	1	65	23.630299	0.08309379	0.3056786795	0.0008%
65	65	5	15	27.345123	0.08387251	0.3028405851	0.0009%
85	85	5	100	14.343241	0.08471461	0.2998302182	0.0006%
50	50	1	85	20.534613	0.08497746	0.2989027914	0.0007%
70	70	5	35	24.249437	0.0857562	0.2961884972	0.0008%
35	35	1	20	30.44081	0.086019054	0.2952834148	0.0010%
75	75	5	55	21.153751	0.0876399	0.2898223298	0.0007%
40	40	1	40	27.345123	0.087902755	0.2889556761	0.0008%
80	80	5	75	18.058064	0.0895236	0.2837240683	0.0006%
45	45	1	60	24.249437	0.08978647	0.2828934025	0.0007%
65	65	5	10	27.96426	0.09056519	0.2804609586	0.0008%
85	85	5	95	14.962378	0.091407284	0.2778771985	0.0006%
50	50	1	80	21.153751	0.09167014	0.2770804103	0.0007%
70	70	5	30	24.868574	0.092448875	0.2747464477	0.0007%
35	35	1	15	31.059948	0.09271173	0.2739674904	0.0009%
55	55	1	100	18.058064	0.093553856	0.2715013692	0.0006%
75	75	5	50	21.772888	0.094332576	0.2692601122	0.0007%
40	40	1	35	27.96426	0.09459545	0.2685118576	0.0008%
80	80	5	70	18.6772	0.09621629	0.2639885616	0.0006%
45	45	1	55	24.868574	0.09647915	0.2632693178	0.0007%
65	65	5	5	28.583397	0.09725787	0.2611613847	0.0008%
85	85	5	90	15.581514	0.09809996	0.2589195755	0.0006%
50	50	1	75	21.772888	0.09836282	0.2582276515	0.0006%
70	70	5	25	25.48771	0.09914155	0.2561993433	0.0007%
35	35	1	10	31.679085	0.09940441	0.2555218627	0.0009%
55	55	1	95	18.6772	0.100246534	0.2533753436	0.0006%
75	75	5	45	22.392025	0.10102525	0.2514222929	0.0006%
40	40	1	30	28.583397	0.101288125	0.2507697719	0.0008%
80	80	5	65	19.296339	0.10290897	0.246820078	0.0006%
45	45	1	50	25.48771	0.103171825	0.2461912446	0.0007%
85	85	5	85	16.200653	0.10479264	0.2423834346	0.0005%
50	50	1	70	22.392025	0.10505551	0.2417769425	0.0006%
70	70	5	20	26.10685	0.10583423	0.2399979666	0.0007%
35	35	1	5	32.29822	0.10609709	0.2394033616	0.0008%
55	55	1	90	19.296339	0.10693921	0.2375181189	0.0006%
75	75	5	40	23.011162	0.10771793	0.2358010407	0.0006%
40	40	1	25	29.202536	0.1079808	0.2352270033	0.0007%
80	80	5	60	19.915476	0.10960165	0.2317483359	0.0005%
45	45	1	45	26.10685	0.1098645	0.2311938797	0.0006%
85	85	5	80	16.81979	0.11148532	0.2278326869	0.0005%
50	50	1	65	23.011162	0.11174819	0.2272967464	0.0006%
70	70	5	15	26.725986	0.11252691	0.2257237846	0.0006%
90	90	5	100	13.724102	0.11336906	0.2240470195	0.0005%
55	55	1	85	19.915476	0.11363189	0.2235287999	0.0005%
75	75	5	35	23.630299	0.114410624	0.2220073548	0.0006%
40	40	1	20	29.821672	0.11467348	0.2214984668	0.0007%
80	80	5	55	20.534613	0.116294324	0.2184113474	0.0005%
45	45	1	40	26.725986	0.11655718	0.2179187932	0.0006%
85	85	5	75	17.438927	0.118177995	0.2149300299	0.0005%
50	50	1	60	23.630299	0.11844087	0.2144530009	0.0006%
70	70	5	10	27.345123	0.119219586	0.2130522413	0.0006%
90	90	5	95	14.343241	0.12006174	0.2115578202	0.0005%
55	55	1	80	20.534613	0.12032457	0.2110957056	0.0005%
75	75	5	30	24.249437	0.1211033	0.2097382978	0.0005%
40	40	1	15	30.44081	0.12136616	0.2092840377	0.0007%
60	60	1	100	17.438927	0.12220828	0.2078418909	0.0005%
80	80	5	50	21.153751	0.122987	0.206525893	0.0005%
45	45	1	35	27.345123	0.12324987	0.2060854101	0.0006%
85	85	5	70	18.058064	0.12487069	0.203410424	0.0005%
50	50	1	55	24.249437	0.12513354	0.202983149	0.0005%
70	70	5	5	27.96426	0.12591226	0.2017277746	0.0006%
90	90	5	90	14.962378	0.12675442	0.2003874894	0.0004%
55	55	1	75	21.153751	0.12701724	0.1999728541	0.0005%
75	75	5	25	24.868574	0.12779598	0.1987542957	0.0005%
40	40	1	10	31.059948	0.12805884	0.1983463227	0.0007%
60	60	1	95	18.058064	0.12890096	0.1970505107	0.0004%
80	80	5	45	21.772888	0.12967968	0.1958672322	0.0005%
45	45	1	30	27.96426	0.12994255	0.1954709985	0.0006%
85	85	5	65	18.6772	0.13156337	0.1930628563	0.0004%
50	50	1	50	24.868574	0.13182622	0.1926779058	0.0005%
90	90	5	85	15.581514	0.1334471	0.1903375944	0.0004%
55	55	1	70	21.772888	0.13370994	0.1899634388	0.0005%
75	75	5	20	25.48771	0.13448866	0.1888635072	0.0005%
40	40	1	5	31.679085	0.13475151	0.1884951048	0.0006%
60	60	1	90	18.6772	0.13559364	0.1873244202	0.0004%
80	80	5	40	22.392025	0.13637236	0.1862547513	0.0005%
45	45	1	25	28.583397	0.13663523	0.1858964192	0.0006%
85	85	5	60	19.296339	0.13825604	0.1837171092	0.0004%
50	50	1	45	25.48771	0.1385189	0.183368479	0.0005%
90	90	5	80	16.200653	0.14013977	0.1812476216	0.0004%
55	55	1	65	22.392025	0.14040262	0.180908305	0.0005%
75	75	5	15	26.10685	0.14118133	0.179910474	0.0005%
95	95	5	100	13.104965	0.14202346	0.1788436924	0.0004%
60	60	1	85	19.296339	0.14228632	0.1785132963	0.0004%
80	80	5	35	23.011162	0.14306505	0.1775416148	0.0004%
45	45	1	20	29.202536	0.1433279	0.17721602	0.0005%
85	85	5	55	19.915476	0.14494872	0.1752343863	0.0004%
50	50	1	40	26.10685	0.14521158	0.1749171795	0.0005%
90	90	5	75	16.81979	0.14683245	0.1729862847	0.0004%
55	55	1	60	23.011162	0.1470953	0.1726771692	0.0004%
75	75	5	10	26.725986	0.14787401	0.1717678448	0.0005%
95	95	5	95	13.724102	0.14871614	0.1707951807	0.0004%
60	60	1	80	19.915476	0.148979	0.170493828	0.0004%
80	80	5	30	23.630299	0.14975773	0.1696072717	0.0004%
45	45	1	15	29.821672	0.15002058	0.169310104	0.0005%
65	65	1	100	16.81979	0.15086271	0.1683649989	0.0004%
85	85	5	50	20.534613	0.1516414	0.1675004319	0.0004%
50	50	1	35	26.725986	0.15190427	0.1672105728	0.0005%
90	90	5	70	17.438927	0.15352514	0.1654452163	0.0004%
55	55	1	55	23.630299	0.15378797	0.1651624636	0.0004%
75	75	5	5	27.345123	0.15456669	0.1643303612	0.0005%
95	95	5	90	14.343241	0.15540881	0.1634398976	0.0004%
60	60	1	75	20.534613	0.15567167	0.1631639206	0.0004%
80	80	5	25	24.249437	0.1564504	0.1623517741	0.0004%
45	45	1	10	30.44081	0.15671326	0.1620794565	0.0005%
65	65	1	95	17.438927	0.15755539	0.1612131454	0.0004%
85	85	5	45	21.153751	0.15833408	0.1604202961	0.0004%
50	50	1	30	27.345123	0.15859695	0.160154404	0.0005%
90	90	5	65	18.058064	0.16021782	0.1585341755	0.0004%
55	55	1	50	24.249437	0.16048065	0.1582745334	0.0004%
95	95	5	85	14.962378	0.16210149	0.1566919588	0.0003%
60	60	1	70	21.153751	0.16236436	0.1564382725	0.0004%
80	80	5	20	24.868574	0.16314308	0.1556915561	0.0004%
45	45	1	5	31.059948	0.16340594	0.1554411058	0.0005%
65	65	1	90	18.058064	0.16424806	0.1546441401	0.0004%
85	85	5	40	21.772888	0.16502675	0.1539144411	0.0004%
50	50	1	25	27.96426	0.16528963	0.1536696525	0.0005%
90	90	5	60	18.6772	0.1669105	0.1521773645	0.0004%
55	55	1	45	24.868574	0.16717333	0.1519381112	0.0004%
95	95	5	80	15.581514	0.16879417	0.1504791309	0.0003%
60	60	1	65	21.772888	0.16905704	0.150245148	0.0004%
80	80	5	15	25.48771	0.16983576	0.1495562536	0.0004%
100	100	5	100	12.485828	0.17067786	0.1488183646	0.0003%
65	65	1	85	18.6772	0.17094074	0.1485895053	0.0003%
85	85	5	35	22.392025	0.17171945	0.1479156846	0.0004%
50	50	1	20	28.583397	0.1719823	0.1476896169	0.0004%
90	90	5	55	19.296339	0.17360318	0.1463106839	0.0003%
55	55	1	40	25.48771	0.173866	0.1460895172	0.0004%
95	95	5	75	16.200653	0.17548685	0.1447401899	0.0003%
60	60	1	60	22.392025	0.17574972	0.1445237011	0.0004%
80	80	5	10	26.10685	0.17652844	0.1438861636	0.0004%
100	100	5	95	13.104965	0.17737053	0.1432030451	0.0003%
65	65	1	80	19.296339	0.17763342	0.1429911106	0.0003%
85	85	5	30	23.011162	0.17841212	0.1423670096	0.0004%
50	50	1	15	29.202536	0.17867498	0.1421575645	0.0004%
70	70	1	100	16.200653	0.1795171	0.1414906992	0.0003%
90	90	5	50	19.915476	0.18029585	0.1408795599	0.0003%
55	55	1	35	26.10685	0.1805587	0.1406744732	0.0004%
95	95	5	70	16.81979	0.18217954	0.1394229012	0.0003%
60	60	1	55	23.011162	0.1824424	0.139222023	0.0004%
80	80	5	5	26.725986	0.18322112	0.1386303064	0.0004%
100	100	5	90	13.724102	0.18406321	0.1379960721	0.0003%
65	65	1	75	19.915476	0.1843261	0.137799259	0.0003%
85	85	5	25	23.630299	0.1851048	0.1372195643	0.0004%
50	50	1	10	29.821672	0.18536766	0.1370249805	0.0004%
70	70	1	95	16.81979	0.18620978	0.1364052951	0.0003%
90	90	5	45	20.534613	0.18698853	0.1358372088	0.0003%
55	55	1	30	26.725986	0.18725137	0.1356465376	0.0004%
95	95	5	65	17.438927	0.18887222	0.1344824559	0.0003%
60	60	1	50	23.630299	0.18913507	0.1342955593	0.0003%
100	100	5	85	14.343241	0.19075589	0.133154473	0.0003%
65	65	1	70	20.534613	0.19101879	0.1329712119	0.0003%
85	85	5	20	24.249437	0.19179748	0.1324313542	0.0003%
50	50	1	5	30.44081	0.19206034	0.1322501043	0.0004%
70	70	1	90	17.438927	0.19290246	0.1316727635	0.0003%
90	90	5	40	21.153751	0.19368121	0.131143336	0.0003%
55	55	1	25	27.345123	0.19394405	0.1309656058	0.0004%
95	95	5	60	18.058064	0.1955649	0.1298801574	0.0003%
60	60	1	45	24.249437	0.19582775	0.1297058257	0.0003%
100	100	5	80	14.962378	0.19744857	0.1286410937	0.0003%
65	65	1	65	21.153751	0.19771147	0.1284700377	0.0003%
85	85	5	15	24.868574	0.19849016	0.1279660412	0.0003%
70	70	1	85	18.058064	0.19959514	0.1272576076	0.0003%
90	90	5	35	21.772888	0.2003739	0.1267630165	0.0003%
55	55	1	20	27.96426	0.20063673	0.1265969596	0.0004%
95	95	5	55	18.6772	0.20225757	0.1255824442	0.0003%
60	60	1	40	24.868574	0.20252043	0.1254194453	0.0003%
100	100	5	75	15.581514	0.20414124	0.1244236588	0.0003%
65	65	1	60	21.772888	0.20440415	0.1242636218	0.0003%
85	85	5	10	25.48771	0.20518284	0.1237920286	0.0003%
70	70	1	80	18.6772	0.20628782	0.123128937	0.0003%
90	90	5	30	22.392025	0.20706658	0.1226658595	0.0003%
55	55	1	15	28.583397	0.2073294	0.1225103627	0.0004%
75	75	1	100	15.581514	0.20817153	0.1220147635	0.0003%
95	95	5	50	19.296339	0.20895024	0.1215600422	0.0003%
60	60	1	35	25.48771	0.20921312	0.1214072999	0.0003%
100	100	5	70	16.200653	0.21083392	0.1204739731	0.0003%
65	65	1	55	22.392025	0.21109684	0.1203239234	0.0003%
85	85	5	5	26.10685	0.21187551	0.1198817173	0.0003%
70	70	1	75	19.296339	0.2129805	0.1192597444	0.0003%
90	90	5	25	23.011162	0.21375926	0.1188252617	0.0003%
55	55	1	10	29.202536	0.21402209	0.1186793382	0.0004%
75	75	1	95	16.200653	0.21486421	0.1182141968	0.0003%
95	95	5	45	19.915476	0.21564294	0.1177873015	0.0003%
60	60	1	30	26.10685	0.2159058	0.1176438984	0.0003%
100	100	5	65	16.81979	0.21752663	0.1167673126	0.0003%
65	65	1	50	23.011162	0.21778949	0.1166263808	0.0003%
70	70	1	70	19.915476	0.21967317	0.1156263189	0.0003%
90	90	5	20	23.630299	0.22045194	0.1152178566	0.0003%
55	55	1	5	29.821672	0.22071476	0.1150806589	0.0004%
75	75	1	90	16.81979	0.22155689	0.1146432413	0.0003%
95	95	5	40	20.534613	0.22233562	0.1142417036	0.0003%
60	60	1	25	26.725986	0.22259848	0.1141067989	0.0003%
100	100	5	60	17.438927	0.22421928	0.1132819622	0.0003%
65	65	1	45	23.630299	0.2244822	0.1131492831	0.0003%
70	70	1	65	20.534613	0.22636588	0.1122077232	0.0003%
90	90	5	15	24.249437	0.22714461	0.1118230364	0.0003%
75	75	1	85	17.438927	0.22824956	0.1112817041	0.0003%
95	95	5	35	21.153751	0.2290283	0.110903325	0.0003%
60	60	1	20	27.345123	0.22929116	0.1107761852	0.0003%
100	100	5	55	18.058064	0.23091199	0.109998619	0.0003%
65	65	1	40	24.249437	0.23117487	0.1098735343	0.0003%
70	70	1	60	21.153751	0.23305853	0.1089854982	0.0003%
90	90	5	10	24.868574	0.23383729	0.1086225383	0.0003%
75	75	1	80	18.058064	0.23494224	0.1081116789	0.0002%
95	95	5	30	21.772888	0.23572098	0.1077545155	0.0003%
60	60	1	15	27.96426	0.23598383	0.1076344934	0.0003%
80	80	1	100	14.962378	0.23682596	0.1072517557	0.0002%
100	100	5	50	18.6772	0.23760463	0.1069002738	0.0002%
65	65	1	35	24.868574	0.23786755	0.1067821147	0.0003%
70	70	1	55	21.772888	0.23975123	0.1059431478	0.0003%
90	90	5	5	25.48771	0.24052997	0.1056001462	0.0003%
75	75	1	75	18.6772	0.24163492	0.1051172571	0.0002%
95	95	5	25	22.392025	0.24241365	0.1047795782	0.0003%
60	60	1	10	28.583397	0.24267651	0.1046660841	0.0003%
80	80	1	95	15.581514	0.24351864	0.1043041305	0.0002%
100	100	5	45	19.296339	0.24429734	0.1039716601	0.0002%
65	65	1	30	25.48771	0.24456023	0.1038598958	0.0003%
70	70	1	50	22.392025	0.24644388	0.1030660611	0.0003%
75	75	1	70	19.296339	0.24832763	0.1022842283	0.0002%
95	95	5	20	23.011162	0.24910633	0.1019644904	0.0003%
60	60	1	5	29.202536	0.24936919	0.1018570097	0.0003%
80	80	1	90	16.200653	0.25021133	0.101514188	0.0002%
100	100	5	40	19.915476	0.25099003	0.1011992389	0.0002%
65	65	1	25	26.10685	0.25125292	0.1010933525	0.0003%
70	70	1	45	23.011162	0.2531366	0.1003410807	0.0003%
75	75	1	65	19.915476	0.2550203	0.0995999142	0.0002%
95	95	5	15	23.630299	0.25579903	0.09929670179	0.0003%
80	80	1	85	16.81979	0.256904	0.09886961667	0.0002%
100	100	5	35	20.534613	0.2576827	0.09857083925	0.0002%
65	65	1	20	26.725986	0.2579456	0.09847037515	0.0003%
70	70	1	40	23.630299	0.25982928	0.09775649611	0.0003%
75	75	1	60	20.534613	0.261713	0.09705287853	0.0002%
95	95	5	10	24.249437	0.2624917	0.09676496438	0.0003%
80	80	1	80	17.438927	0.26359668	0.09635933199	0.0002%
100	100	5	30	21.153751	0.2643754	0.09607550476	0.0002%
65	65	1	15	27.345123	0.26463827	0.09598007121	0.0003%
85	85	1	100	14.343241	0.26548037	0.09567562378	0.0002%
70	70	1	35	24.249437	0.26652196	0.09530171548	0.0002%
75	75	1	55	21.153751	0.26840565	0.09463288124	0.0002%
95	95	5	5	24.868574	0.26918438	0.09435911549	0.0003%
80	80	1	75	18.058064	0.27028936	0.09397336247	0.0002%
100	100	5	25	21.772888	0.27106807	0.09370340077	0.0002%
65	65	1	10	27.96426	0.27133095	0.09361261588	0.0003%
85	85	1	95	14.962378	0.27217305	0.09332297963	0.0002%
70	70	1	30	24.868574	0.27321464	0.09296719971	0.0002%
75	75	1	50	21.772888	0.27509835	0.09233061558	0.0002%
80	80	1	70	18.6772	0.27698204	0.09170269668	0.0002%
100	100	5	20	22.392025	0.27776074	0.09144560891	0.0002%
65	65	1	5	28.583397	0.27802363	0.09135914095	0.0003%
85	85	1	90	15.581514	0.27886572	0.09108326402	0.0002%
70	70	1	25	25.48771	0.27990732	0.09074432208	0.0002%
75	75	1	45	22.392025	0.28179103	0.09013771659	0.0002%
80	80	1	65	19.296339	0.28367475	0.08953916413	0.0002%
100	100	5	15	23.011162	0.28445342	0.08929405735	0.0002%
85	85	1	85	16.200653	0.2855584	0.08894853032	0.0002%
70	70	1	20	26.10685	0.2866	0.08862526169	0.0002%
75	75	1	40	23.011162	0.2884837	0.08804656901	0.0002%
80	80	1	60	19.915476	0.2903674	0.08747538463	0.0002%
100	100	5	10	23.630299	0.2911461	0.08724142278	0.0002%
85	85	1	80	16.81979	0.29225108	0.08691156933	0.0002%
70	70	1	15	26.725986	0.29329267	0.08660291442	0.0002%
90	90	1	100	13.724102	0.29413483	0.08635495497	0.0002%
75	75	1	35	23.630299	0.2951764	0.08605023979	0.0002%
80	80	1	55	20.534613	0.2970601	0.08550458308	0.0002%
100	100	5	5	24.249437	0.29783878	0.08528103694	0.0002%
85	85	1	75	17.438927	0.29894376	0.08496581431	0.0002%
70	70	1	10	27.345123	0.29998535	0.08467080142	0.0002%
90	90	1	95	14.343241	0.3008275	0.08443377018	0.0002%
75	75	1	30	24.249437	0.30186906	0.08414244242	0.0002%
80	80	1	50	21.153751	0.30375275	0.08362064212	0.0002%
85	85	1	70	18.058064	0.30563644	0.0831052737	0.0002%
70	70	1	5	27.96426	0.30667803	0.082823018	0.0002%
90	90	1	90	14.962378	0.30752018	0.08259620556	0.0002%
75	75	1	25	24.868574	0.30856174	0.08231739943	0.0002%
80	80	1	45	21.772888	0.31044546	0.08181791417	0.0002%
85	85	1	65	18.6772	0.31232914	0.08132446431	0.0002%
90	90	1	85	15.581514	0.31421286	0.08083692055	0.0002%
75	75	1	20	25.48771	0.31525442	0.08056984578	0.0002%
80	80	1	40	22.392025	0.31713814	0.08009128136	0.0002%
85	85	1	60	19.296339	0.3190218	0.07961838345	0.0002%
90	90	1	80	16.200653	0.32090554	0.07915101746	0.0002%
75	75	1	15	26.10685	0.3219471	0.07889494889	0.0002%
95	95	1	100	13.104965	0.32278922	0.07868912103	0.0002%
80	80	1	35	23.011162	0.3238308	0.07843602276	0.0002%
85	85	1	55	19.915476	0.3257145	0.07798240484	0.0002%
90	90	1	75	16.81979	0.3275982	0.07753400354	0.0002%
75	75	1	10	26.725986	0.32863978	0.07728826985	0.0002%
95	95	1	95	13.724102	0.3294819	0.07709072941	0.0002%
80	80	1	30	23.630299	0.3305235	0.07684778843	0.0002%
85	85	1	50	20.534613	0.33240715	0.07641231544	0.0002%
90	90	1	70	17.438927	0.3342909	0.07598172729	0.0002%
75	75	1	5	27.345123	0.33533245	0.07574572637	0.0002%
95	95	1	90	14.343241	0.33617458	0.07555598047	0.0002%
80	80	1	25	24.249437	0.33721617	0.0753226039	0.0002%
85	85	1	45	21.153751	0.33909985	0.0749041912	0.0002%
90	90	1	65	18.058064	0.3409836	0.07449038605	0.0002%
95	95	1	85	14.962378	0.34286726	0.07408114732	0.0002%
80	80	1	20	24.868574	0.34390885	0.0738567792	0.0002%
85	85	1	40	21.772888	0.34579253	0.0734544497	0.0002%
90	90	1	60	18.6772	0.34767625	0.07305647136	0.0002%
95	95	1	80	15.581514	0.34955993	0.07266279061	0.0002%
80	80	1	15	25.48771	0.35060152	0.07244691923	0.0002%
100	100	1	100	12.485828	0.3514436	0.07227333205	0.0002%
85	85	1	35	22.392025	0.3524852	0.07205976308	0.0002%
90	90	1	55	19.296339	0.35436895	0.0716767087	0.0002%
95	95	1	75	16.200653	0.3562526	0.07129772527	0.0002%
80	80	1	10	26.10685	0.3572942	0.07108987495	0.0002%
100	100	1	95	13.104965	0.35813627	0.07092272447	0.0002%
85	85	1	30	23.011162	0.3591779	0.07071704579	0.0002%
90	90	1	50	19.915476	0.3610616	0.07034810681	0.0002%
95	95	1	70	16.81979	0.3629453	0.06998299744	0.0002%
80	80	1	5	26.725986	0.36398688	0.06978273503	0.0002%
100	100	1	90	13.724102	0.36482894	0.06962166982	0.0001%
85	85	1	25	23.630299	0.36587057	0.06942345759	0.0002%
90	90	1	45	20.534613	0.3677543	0.06906785318	0.0002%
95	95	1	65	17.438927	0.369638	0.06871587878	0.0002%
100	100	1	85	14.343241	0.37152162	0.06836748828	0.0001%
85	85	1	20	24.249437	0.37256324	0.06817634504	0.0002%
90	90	1	40	21.153751	0.374447	0.06783336494	0.0002%
95	95	1	60	18.058064	0.37633064	0.06749383999	0.0002%
100	100	1	80	14.962378	0.3782143	0.0671576934	0.0001%
85	85	1	15	24.868574	0.37925592	0.06697324593	0.0002%
90	90	1	35	21.772888	0.38113967	0.06664223643	0.0002%
95	95	1	55	18.6772	0.38302335	0.06631449493	0.0002%
100	100	1	75	15.581514	0.38490698	0.06598996984	0.0001%
85	85	1	10	25.48771	0.3859486	0.06581187236	0.0002%
90	90	1	30	22.392025	0.38783234	0.06549221759	0.0002%
95	95	1	50	19.296339	0.389716	0.06517566638	0.0002%
100	100	1	70	16.200653	0.39159968	0.06486215719	0.0001%
85	85	1	5	26.10685	0.39264128	0.06469009066	0.0002%
90	90	1	25	23.011162	0.39452502	0.06438121466	0.0002%
95	95	1	45	19.915476	0.3964087	0.06407528392	0.0002%
100	100	1	65	16.81979	0.39829233	0.06377225492	0.0001%
90	90	1	20	23.630299	0.4012177	0.06330727682	0.0002%
95	95	1	40	20.534613	0.40310138	0.06301144392	0.0002%
100	100	1	60	17.438927	0.40498504	0.06271836609	0.0001%
90	90	1	15	24.249437	0.40791038	0.06226857968	0.0002%
95	95	1	35	21.153751	0.40979406	0.06198235279	0.0002%
100	100	1	55	18.058064	0.4116777	0.06169875123	0.0001%
90	90	1	10	24.868574	0.41460305	0.06126341811	0.0002%
95	95	1	30	21.772888	0.41648674	0.06098633536	0.0001%
100	100	1	50	18.6772	0.4183704	0.06071175207	0.0001%
90	90	1	5	25.48771	0.42129573	0.06029019093	0.0002%
95	95	1	25	22.392025	0.42317942	0.06002182242	0.0001%
100	100	1	45	19.296339	0.42506307	0.05975583812	0.0001%
95	95	1	20	23.011162	0.4298721	0.05908734249	0.0001%
100	100	1	40	19.915476	0.43175575	0.05882955815	0.0001%
95	95	1	15	23.630299	0.43656477	0.05818151565	0.0001%
100	100	1	35	20.534613	0.43844843	0.05793155651	0.0001%
95	95	1	10	24.249437	0.44325745	0.05730304138	0.0001%
100	100	1	30	21.153751	0.4451411	0.057060559	0.0001%
95	95	1	5	24.868574	0.44995013	0.05645070044	0.0001%
100	100	1	25	21.772888	0.45183378	0.05621536309	0.0001%
100	100	1	20	22.392025	0.45852646	0.05539484025	0.0001%
100	100	1	15	23.011162	0.4652191	0.05459793031	0.0001%
100	100	1	10	23.630299	0.47191182	0.05382361476	0.0001%
100	100	1	5	24.249437	0.47860447	0.05307096275	0.0001%
5	5	5	100	24.249437	-0.37375605	-0.06795876615	-0.0002%
5	5	5	95	24.868574	-0.36706337	-0.06919786085	-0.0002%
5	5	5	90	25.48771	-0.3603707	-0.07048297767	-0.0002%
5	5	5	85	26.10685	-0.35367802	-0.0718167332	-0.0002%
5	5	5	80	26.725986	-0.34698534	-0.07320193989	-0.0002%
10	10	5	100	23.630299	-0.34510162	-0.07360150903	-0.0002%
5	5	5	75	27.345123	-0.34029266	-0.07464163347	-0.0002%
10	10	5	95	24.249437	-0.33840898	-0.07505710989	-0.0002%
5	5	5	70	27.96426	-0.33359995	-0.07613910014	-0.0002%
10	10	5	90	24.868574	-0.33171627	-0.07657146271	-0.0002%
5	5	5	65	28.583397	-0.3269073	-0.07769786725	-0.0002%
10	10	5	85	25.48771	-0.3250236	-0.07814817139	-0.0002%
5	5	5	60	29.202536	-0.3202146	-0.07932180481	-0.0002%
10	10	5	80	26.10685	-0.3183309	-0.07979118584	-0.0002%
15	15	5	100	23.011162	-0.31644723	-0.08026614738	-0.0002%
5	5	5	55	29.821672	-0.31352195	-0.08101506131	-0.0003%
10	10	5	75	26.725986	-0.31163824	-0.08150476013	-0.0002%
15	15	5	95	23.630299	-0.30975455	-0.08200040968	-0.0002%
5	5	5	50	30.44081	-0.30682924	-0.08278220159	-0.0003%
10	10	5	70	27.345123	-0.30494556	-0.08329355574	-0.0002%
15	15	5	90	24.249437	-0.30306187	-0.0838112693	-0.0002%
5	5	5	45	31.059948	-0.30013657	-0.08462814112	-0.0003%
10	10	5	65	27.96426	-0.29825288	-0.08516263112	-0.0002%
15	15	5	85	24.868574	-0.2963692	-0.08570391255	-0.0002%
5	5	5	40	31.679085	-0.2934439	-0.08655828252	-0.0003%
10	10	5	60	28.583397	-0.2915602	-0.08711751467	-0.0003%
15	15	5	80	25.48771	-0.28967652	-0.08768401388	-0.0002%
20	20	5	100	22.392025	-0.2877928	-0.08825794113	-0.0002%
5	5	5	35	32.29822	-0.2867512	-0.0885785308	-0.0003%
10	10	5	55	29.202536	-0.28486753	-0.08916425119	-0.0003%
15	15	5	75	26.10685	-0.28298384	-0.08975777557	-0.0002%
20	20	5	95	23.011162	-0.28110012	-0.09035926417	-0.0002%
5	5	5	30	32.91736	-0.28005853	-0.09069532715	-0.0003%
10	10	5	50	29.821672	-0.27817485	-0.09130947676	-0.0003%
15	15	5	70	26.725986	-0.27629116	-0.0919320039	-0.0003%
20	20	5	90	23.630299	-0.27440745	-0.09256308457	-0.0002%
5	5	5	25	33.536495	-0.27336586	-0.09291577229	-0.0003%
10	10	5	45	30.44081	-0.27148217	-0.09356047213	-0.0003%
15	15	5	65	27.345123	-0.26959848	-0.09421418103	-0.0003%
20	20	5	85	24.249437	-0.26771477	-0.09487709625	-0.0002%
5	5	5	20	34.155632	-0.26667318	-0.09524767358	-0.0004%
10	10	5	40	31.059948	-0.2647895	-0.09592525383	-0.0003%
15	15	5	60	27.96426	-0.2629058	-0.09661255096	-0.0003%
20	20	5	80	24.868574	-0.2610221	-0.09730976802	-0.0003%
5	5	5	15	34.774773	-0.2599805	-0.09769963516	-0.0004%
25	25	5	100	21.772888	-0.2591384	-0.09801712135	-0.0002%
10	10	5	35	31.679085	-0.2580968	-0.09841268857	-0.0003%
15	15	5	55	28.583397	-0.25621313	-0.09913621523	-0.0003%
20	20	5	75	25.48771	-0.2543294	-0.09987048292	-0.0003%
5	5	5	10	35.39391	-0.25328782	-0.1002811742	-0.0004%
25	25	5	95	22.392025	-0.25244573	-0.1006156848	-0.0003%
10	10	5	30	32.29822	-0.25140414	-0.1010325447	-0.0004%
15	15	5	50	29.202536	-0.24952045	-0.1017952637	-0.0003%
20	20	5	70	26.10685	-0.24763674	-0.1025695945	-0.0003%
5	5	5	5	36.013046	-0.24659516	-0.1030028327	-0.0004%
25	25	5	90	23.011162	-0.24575303	-0.1033557959	-0.0003%
10	10	5	25	32.91736	-0.24471147	-0.1037957068	-0.0004%
15	15	5	45	29.821672	-0.24282777	-0.1046008865	-0.0003%
20	20	5	65	26.725986	-0.24094406	-0.1054186602	-0.0003%
25	25	5	85	23.630299	-0.23906036	-0.1062493171	-0.0003%
10	10	5	20	33.536495	-0.23801878	-0.1067142685	-0.0004%
15	15	5	40	30.44081	-0.2361351	-0.1075655419	-0.0003%
20	20	5	60	27.345123	-0.23425138	-0.1084305245	-0.0003%
25	25	5	80	24.249437	-0.23236768	-0.1093095219	-0.0003%
10	10	5	15	34.155632	-0.2313261	-0.1098017042	-0.0004%
30	30	5	100	21.153751	-0.23048398	-0.110202887	-0.0003%
15	15	5	35	31.059948	-0.2294424	-0.1107031656	-0.0004%
20	20	5	55	27.96426	-0.2275587	-0.1116195514	-0.0003%
25	25	5	75	24.868574	-0.225675	-0.1125512352	-0.0003%
10	10	5	10	34.774773	-0.22463343	-0.1130731076	-0.0005%
30	30	5	95	21.772888	-0.2237913	-0.1134986034	-0.0003%
15	15	5	30	31.679085	-0.22274972	-0.114029324	-0.0004%
20	20	5	50	28.583397	-0.22086602	-0.1150018459	-0.0003%
25	25	5	70	25.48771	-0.21898232	-0.1159910992	-0.0003%
10	10	5	5	35.39391	-0.21794075	-0.1165454372	-0.0005%
30	30	5	90	22.392025	-0.21709861	-0.1169975248	-0.0003%
15	15	5	25	32.29822	-0.21605705	-0.1175615422	-0.0004%
20	20	5	45	29.202536	-0.21417335	-0.1185955209	-0.0004%
25	25	5	65	26.10685	-0.21228965	-0.1196478491	-0.0003%
30	30	5	85	23.011162	-0.21040593	-0.1207190311	-0.0003%
15	15	5	20	32.91736	-0.20936437	-0.1213195922	-0.0004%
20	20	5	40	29.821672	-0.20748067	-0.1224210429	-0.0004%
25	25	5	60	26.725986	-0.20559697	-0.1235426767	-0.0003%
30	30	5	80	23.630299	-0.20371325	-0.1246850659	-0.0003%
15	15	5	15	33.536495	-0.20267169	-0.125325841	-0.0005%
35	35	5	100	20.534613	-0.20182957	-0.1258487545	-0.0003%
20	20	5	35	30.44081	-0.20078798	-0.1265015964	-0.0004%
25	25	5	55	27.345123	-0.19890429	-0.1276996087	-0.0004%
30	30	5	75	24.249437	-0.19702058	-0.1289205422	-0.0003%
15	15	5	10	34.155632	-0.19597901	-0.1296057164	-0.0005%
35	35	5	95	21.153751	-0.19513689	-0.1301650344	-0.0003%
20	20	5	30	31.059948	-0.1940953	-0.13086355	-0.0004%
5	5	1	100	24.249437	-0.19299032	-0.1316128187	-0.0003%
25	25	5	50	27.96426	-0.19221161	-0.1321460239	-0.0004%
30	30	5	70	24.868574	-0.1903279	-0.1334538972	-0.0004%
15	15	5	5	34.774773	-0.18928634	-0.1341882357	-0.0005%
35	35	5	90	21.772888	-0.18844421	-0.1347879035	-0.0003%
20	20	5	25	31.679085	-0.18740262	-0.1355370592	-0.0005%
5	5	1	95	24.868574	-0.18629764	-0.1363409649	-0.0004%
25	25	5	45	28.583397	-0.18551894	-0.1369132445	-0.0004%
30	30	5	65	25.48771	-0.18363522	-0.1383176931	-0.0004%
35	35	5	85	22.392025	-0.18175153	-0.1397512307	-0.0003%
20	20	5	20	32.29822	-0.18070994	-0.1405567397	-0.0005%
5	5	1	90	25.48771	-0.17960496	-0.1414214841	-0.0004%
25	25	5	40	29.202536	-0.17882626	-0.1420373048	-0.0004%
30	30	5	60	26.10685	-0.17694254	-0.1435494257	-0.0004%
35	35	5	80	23.011162	-0.17505886	-0.1450940558	-0.0004%
20	20	5	15	32.91736	-0.17401727	-0.1459625243	-0.0005%
40	40	5	100	19.915476	-0.17317514	-0.1466723226	-0.0003%
5	5	1	85	26.10685	-0.17291228	-0.1468952928	-0.0004%
25	25	5	35	29.821672	-0.17213358	-0.1475598195	-0.0005%
30	30	5	55	26.725986	-0.17024986	-0.1491924869	-0.0004%
35	35	5	75	23.630299	-0.16836618	-0.1508616517	-0.0004%
20	20	5	10	33.536495	-0.16732459	-0.1518007604	-0.0006%
40	40	5	95	20.534613	-0.16648246	-0.1525686249	-0.0004%
5	5	1	80	26.725986	-0.1662196	-0.1528098973	-0.0004%
25	25	5	30	30.44081	-0.16544089	-0.1535291547	-0.0005%
10	10	1	100	23.630299	-0.1643359	-0.1545614805	-0.0004%
30	30	5	50	27.345123	-0.16355719	-0.1552973611	-0.0004%
35	35	5	70	24.249437	-0.16167349	-0.1571067712	-0.0004%
20	20	5	5	34.155632	-0.16063191	-0.1581254932	-0.0006%
40	40	5	90	21.153751	-0.15978977	-0.158958862	-0.0004%
5	5	1	75	27.345123	-0.15952693	-0.159220766	-0.0005%
25	25	5	25	31.059948	-0.15874821	-0.1600018041	-0.0005%
10	10	1	95	24.249437	-0.15764323	-0.1611233162	-0.0004%
30	30	5	45	27.96426	-0.15686451	-0.1619231782	-0.0005%
35	35	5	65	24.868574	-0.15498081	-0.1638912585	-0.0004%
40	40	5	85	21.772888	-0.1530971	-0.1659077801	-0.0004%
5	5	1	70	27.96426	-0.15283424	-0.1661931253	-0.0005%
25	25	5	20	31.679085	-0.15205553	-0.1670442371	-0.0006%
10	10	1	90	24.868574	-0.15095054	-0.1682670363	-0.0004%
30	30	5	40	28.583397	-0.15017183	-0.1691395783	-0.0005%
35	35	5	60	25.48771	-0.14828813	-0.1712881537	-0.0005%
40	40	5	80	22.392025	-0.14640442	-0.1734920298	-0.0004%
5	5	1	65	28.583397	-0.14614156	-0.1738040842	-0.0005%
25	25	5	15	32.29822	-0.14536285	-0.1747351541	-0.0006%
45	45	5	100	19.296339	-0.14452071	-0.1757533574	-0.0004%
10	10	1	85	25.48771	-0.14425786	-0.1760735949	-0.0005%
30	30	5	35	29.202536	-0.14347914	-0.1770292183	-0.0005%
35	35	5	55	26.10685	-0.14159545	-0.1793842952	-0.0005%
40	40	5	75	23.011162	-0.13971174	-0.1818029036	-0.0005%
5	5	1	60	29.202536	-0.13944888	-0.1821456006	-0.0006%
25	25	5	10	32.91736	-0.13867018	-0.1831684361	-0.0007%
45	45	5	95	19.915476	-0.13782804	-0.1842876094	-0.0004%
10	10	1	80	26.10685	-0.13756518	-0.1846397468	-0.0005%
30	30	5	30	29.821672	-0.13678646	-0.1856908937	-0.0006%
15	15	1	100	23.011162	-0.13568148	-0.1872031467	-0.0005%
35	35	5	50	26.725986	-0.13490278	-0.1882837403	-0.0005%
40	40	5	70	23.630299	-0.13301906	-0.1909500789	-0.0005%
5	5	1	55	29.821672	-0.1327562	-0.191328164	-0.0006%
25	25	5	5	33.536495	-0.1319775	-0.1924570476	-0.0007%
45	45	5	90	20.534613	-0.13113534	-0.1936930197	-0.0005%
10	10	1	75	26.725986	-0.1308725	-0.1940820264	-0.0005%
30	30	5	25	30.44081	-0.13009378	-0.1952437695	-0.0006%
15	15	1	95	23.630299	-0.1289888	-0.1969163214	-0.0005%
35	35	5	45	27.345123	-0.1282101	-0.1981123172	-0.0006%
40	40	5	65	24.249437	-0.12632638	-0.2010664756	-0.0005%
5	5	1	50	30.44081	-0.12606353	-0.2014857112	-0.0006%
45	45	5	85	21.153751	-0.12444267	-0.2041100532	-0.0005%
10	10	1	70	27.345123	-0.124179825	-0.2045420824	-0.0006%
30	30	5	20	31.059948	-0.123401105	-0.2058328408	-0.0007%
15	15	1	90	24.249437	-0.122296125	-0.2076925986	-0.0005%
35	35	5	40	27.96426	-0.12151742	-0.2090235293	-0.0006%
40	40	5	60	24.868574	-0.119633704	-0.2123147504	-0.0006%
5	5	1	45	31.059948	-0.11937085	-0.2127822664	-0.0007%
45	45	5	80	21.772888	-0.11774999	-0.215711271	-0.0005%
10	10	1	65	27.96426	-0.11748715	-0.2161938561	-0.0006%
30	30	5	15	31.679085	-0.11670843	-0.2176363781	-0.0007%
50	50	5	100	18.6772	-0.11586632	-0.2192181473	-0.0005%
15	15	1	85	24.868574	-0.11560345	-0.2197166261	-0.0006%
35	35	5	35	28.583397	-0.11482473	-0.2212067035	-0.0007%
40	40	5	55	25.48771	-0.11294103	-0.224896125	-0.0006%
5	5	1	40	31.679085	-0.11267817	-0.2254207714	-0.0008%
45	45	5	75	22.392025	-0.11105731	-0.228710744	-0.0006%
10	10	1	60	28.583397	-0.11079447	-0.2292533192	-0.0007%
30	30	5	10	32.29822	-0.11001575	-0.2308760337	-0.0008%
50	50	5	95	19.296339	-0.10917364	-0.2326568941	-0.0005%
15	15	1	80	25.48771	-0.10891077	-0.2332184411	-0.0006%
35	35	5	30	29.202536	-0.10813205	-0.2348979789	-0.0007%
20	20	1	100	22.392025	-0.10702707	-0.237323137	-0.0006%
40	40	5	50	26.10685	-0.10624835	-0.239062536	-0.0007%
5	5	1	35	32.29822	-0.10598549	-0.2396554472	-0.0008%
45	45	5	70	23.011162	-0.10436463	-0.2433774738	-0.0006%
10	10	1	55	29.202536	-0.10410179	-0.2439919621	-0.0007%
30	30	5	5	32.91736	-0.10332307	-0.2458308682	-0.0009%
50	50	5	90	19.915476	-0.10248095	-0.2478509421	-0.0006%
15	15	1	75	26.10685	-0.10221809	-0.2484883057	-0.0007%
35	35	5	25	29.821672	-0.10143937	-0.2503958769	-0.0008%
20	20	1	95	23.011162	-0.10033439	-0.2531534801	-0.0006%
40	40	5	45	26.725986	-0.099555664	-0.2551336507	-0.0007%
5	5	1	30	32.91736	-0.099292815	-0.2558090432	-0.0009%
45	45	5	65	23.630299	-0.097671956	-0.2600541756	-0.0007%
10	10	1	50	29.821672	-0.097409114	-0.2607558878	-0.0008%
50	50	5	85	20.534613	-0.09578827	-0.2651681673	-0.0006%
15	15	1	70	26.725986	-0.0955254	-0.2658978659	-0.0007%
35	35	5	20	30.44081	-0.094746694	-0.2680832325	-0.0009%
20	20	1	90	23.630299	-0.0936417	-0.2712466775	-0.0007%
40	40	5	40	27.345123	-0.092862986	-0.2735212499	-0.0008%
5	5	1	25	33.536495	-0.09260014	-0.2742976415	-0.0010%
45	45	5	60	24.249437	-0.09097928	-0.2791844473	-0.0007%
10	10	1	45	30.44081	-0.09071643	-0.2799933816	-0.0009%
50	50	5	80	21.153751	-0.08909559	-0.2850870621	-0.0007%
15	15	1	65	27.345123	-0.08883272	-0.2859306796	-0.0008%
35	35	5	15	31.059948	-0.088054016	-0.2884593021	-0.0010%
55	55	5	100	18.058064	-0.08721189	-0.2912446915	-0.0007%
20	20	1	85	24.249437	-0.08694902	-0.2921252016	-0.0008%
40	40	5	35	27.96426	-0.0861703	-0.2947651337	-0.0009%
5	5	1	20	34.155632	-0.08590746	-0.2956669886	-0.0011%
45	45	5	55	24.868574	-0.0842866	-0.3013527654	-0.0008%
10	10	1	40	31.059948	-0.08402375	-0.3022954819	-0.0010%
50	50	5	75	21.772888	-0.082402915	-0.3082415228	-0.0008%
15	15	1	60	27.96426	-0.08214004	-0.3092279965	-0.0009%
35	35	5	10	31.679085	-0.08136134	-0.312187582	-0.0011%
55	55	5	95	18.6772	-0.080519214	-0.3154526571	-0.0007%
20	20	1	80	24.868574	-0.08025634	-0.3164859001	-0.0008%
40	40	5	30	28.583397	-0.07947762	-0.3195868221	-0.0010%
5	5	1	15	34.774773	-0.079214774	-0.320647257	-0.0013%
25	25	1	100	21.772888	-0.07837266	-0.3240926109	-0.0008%
45	45	5	50	25.48771	-0.07759392	-0.3273452353	-0.0009%
10	10	1	35	31.679085	-0.077331066	-0.3284579059	-0.0011%
50	50	5	70	22.392025	-0.07571024	-0.3354896247	-0.0008%
15	15	1	55	28.583397	-0.075447366	-0.3366585389	-0.0010%
35	35	5	5	32.29822	-0.07466866	-0.3401694901	-0.0012%
55	55	5	90	19.296339	-0.07382652	-0.3440498076	-0.0008%
20	20	1	75	25.48771	-0.073563665	-0.3452791538	-0.0009%
40	40	5	25	29.202536	-0.072784945	-0.3489732664	-0.0011%
5	5	1	10	35.39391	-0.0725221	-0.3502380654	-0.0015%
25	25	1	95	22.392025	-0.07167998	-0.3543527774	-0.0009%
45	45	5	45	26.10685	-0.07090124	-0.3582447923	-0.0010%
10	10	1	30	32.29822	-0.07063839	-0.3595778443	-0.0013%
50	50	5	65	23.011162	-0.06901756	-0.368022283	-0.0009%
15	15	1	50	29.202536	-0.06875469	-0.3694293437	-0.0011%
55	55	5	85	19.915476	-0.067133844	-0.3783486612	-0.0009%
20	20	1	70	26.10685	-0.06687099	-0.3798358601	-0.0010%
40	40	5	20	29.821672	-0.06609227	-0.3843112061	-0.0012%
5	5	1	5	36.013046	-0.06582942	-0.3858457207	-0.0017%
25	25	1	90	23.011162	-0.06498729	-0.3908456561	-0.0010%
45	45	5	40	26.725986	-0.06420856	-0.3955858845	-0.0011%
10	10	1	25	32.91736	-0.06394571	-0.3972119474	-0.0014%
50	50	5	60	23.630299	-0.062324878	-0.4075419129	-0.0010%
15	15	1	45	29.821672	-0.06206201	-0.4092680853	-0.0013%
55	55	5	80	20.534613	-0.06044117	-0.420243354	-0.0010%
20	20	1	65	26.725986	-0.060178306	-0.422079013	-0.0012%
40	40	5	15	30.44081	-0.05939959	-0.4276123791	-0.0014%
60	60	5	100	17.438927	-0.058557462	-0.4337619687	-0.0010%
25	25	1	85	23.630299	-0.058294613	-0.4357177909	-0.0011%
45	45	5	35	27.345123	-0.05751588	-0.4416171673	-0.0013%
10	10	1	20	33.536495	-0.057253033	-0.4436446188	-0.0017%
50	50	5	55	24.249437	-0.0556322	-0.4565701159	-0.0012%
15	15	1	40	30.44081	-0.055369332	-0.4587376998	-0.0015%
55	55	5	75	21.153751	-0.053748492	-0.4725713979	-0.0011%
20	20	1	60	27.345123	-0.05348563	-0.4748939108	-0.0014%
40	40	5	10	31.059948	-0.052706912	-0.4819102284	-0.0016%
60	60	5	95	18.058064	-0.051864784	-0.4897350001	-0.0011%
25	25	1	80	24.249437	-0.051601935	-0.4922296034	-0.0013%
45	45	5	30	27.96426	-0.0508232	-0.4997717578	-0.0015%
10	10	1	15	34.155632	-0.050560355	-0.5023698904	-0.0019%
30	30	1	100	21.153751	-0.049718227	-0.5108790384	-0.0012%
50	50	5	50	24.868574	-0.048939522	-0.5190079298	-0.0014%
15	15	1	35	31.059948	-0.04867665	-0.5218107655	-0.0017%
55	55	5	70	21.772888	-0.047055807	-0.5397846009	-0.0013%
20	20	1	55	27.96426	-0.04679295	-0.5428168132	-0.0016%
40	40	5	5	31.679085	-0.04601423	-0.5520031521	-0.0019%
60	60	5	90	18.6772	-0.0451721	-0.5622939823	-0.0013%
25	25	1	75	24.868574	-0.044909257	-0.5655849528	-0.0015%
45	45	5	25	28.583397	-0.044130523	-0.5755653519	-0.0017%
10	10	1	10	34.774773	-0.043867677	-0.5790140198	-0.0023%
30	30	1	95	21.772888	-0.04302555	-0.5903468985	-0.0014%
50	50	5	45	25.48771	-0.04224684	-0.6012283996	-0.0016%
15	15	1	30	31.679085	-0.041983973	-0.6049927671	-0.0021%
55	55	5	65	22.392025	-0.04036313	-0.6292871737	-0.0016%
20	20	1	50	28.583397	-0.040100273	-0.6334121466	-0.0019%
60	60	5	85	19.296339	-0.03847942	-0.6600931095	-0.0015%
25	25	1	70	25.48771	-0.038216572	-0.6646331335	-0.0018%
45	45	5	20	29.202536	-0.03743784	-0.6784579452	-0.0021%
10	10	1	5	35.39391	-0.037174996	-0.6832549491	-0.0028%
30	30	1	90	22.392025	-0.036332864	-0.6990915993	-0.0017%
50	50	5	40	26.10685	-0.035554163	-0.71440298	-0.0020%
15	15	1	25	32.29822	-0.035291295	-0.7197242266	-0.0025%
55	55	5	60	23.011162	-0.03367045	-0.7543706722	-0.0019%
20	20	1	45	29.202536	-0.03340759	-0.7603062657	-0.0023%
60	60	5	80	19.915476	-0.031786744	-0.7990752371	-0.0019%
25	25	1	65	26.10685	-0.031523895	-0.8057379965	-0.0022%
45	45	5	15	29.821672	-0.030745164	-0.8261461868	-0.0026%
65	65	5	100	16.81979	-0.029903036	-0.8494120798	-0.0019%
30	30	1	85	23.011162	-0.029640187	-0.856944661	-0.0022%
50	50	5	35	26.725986	-0.028861482	-0.8800656875	-0.0025%
15	15	1	20	32.91736	-0.028598616	-0.8881548674	-0.0032%
55	55	5	55	23.630299	-0.026977774	-0.9415157826	-0.0024%
20	20	1	40	29.821672	-0.026714914	-0.9507797779	-0.0030%
60	60	5	75	20.534613	-0.025094066	-1.012191488	-0.0024%
25	25	1	60	26.725986	-0.024831217	-1.022905966	-0.0029%
45	45	5	10	30.44081	-0.024052486	-1.056023897	-0.0034%
65	65	5	95	17.438927	-0.023210358	-1.094339002	-0.0025%
30	30	1	80	23.630299	-0.022947509	-1.106873953	-0.0028%
50	50	5	30	27.345123	-0.022168804	-1.145754187	-0.0033%
15	15	1	15	33.536495	-0.021905936	-1.159503068	-0.0043%
35	35	1	100	20.534613	-0.021063816	-1.205859375	-0.0029%
55	55	5	50	24.249437	-0.020285096	-1.25215084	-0.0033%
20	20	1	35	30.44081	-0.020022232	-1.268589836	-0.0041%
60	60	5	70	21.153751	-0.01840138	-1.380331258	-0.0033%
25	25	1	55	27.345123	-0.018138539	-1.40033329	-0.0040%
45	45	5	5	31.059948	-0.017359806	-1.463149991	-0.0048%
65	65	5	90	18.058064	-0.016517673	-1.537746873	-0.0035%
30	30	1	75	24.249437	-0.016254831	-1.56261237	-0.0041%
50	50	5	25	27.96426	-0.015476126	-1.641237607	-0.0048%
15	15	1	10	34.155632	-0.015213259	-1.669596238	-0.0064%
35	35	1	95	21.153751	-0.014371138	-1.767431361	-0.0043%
55	55	5	45	24.868574	-0.013592415	-1.868689265	-0.0050%
20	20	1	30	31.059948	-0.013329554	-1.905540125	-0.0063%
60	60	5	65	21.772888	-0.011708703	-2.169326526	-0.0053%
25	25	1	50	27.96426	-0.011445861	-2.219142798	-0.0065%
65	65	5	85	18.6772	-0.009824995	-2.585243046	-0.0060%
30	30	1	70	24.868574	-0.009562146	-2.656307486	-0.0071%
50	50	5	20	28.583397	-0.0087834485	-2.89180269	-0.0087%
15	15	1	5	34.774773	-0.008520577	-2.981018774	-0.0119%
35	35	1	90	21.772888	-0.007678453	-3.307957996	-0.0081%
55	55	5	40	25.48771	-0.006899737	-3.681299736	-0.0100%
20	20	1	25	31.679085	-0.0066368766	-3.827101441	-0.0130%
60	60	5	60	22.392025	-0.005016025	-5.063770615	-0.0126%
25	25	1	45	28.583397	-0.00475318	-5.343790894	-0.0160%
65	65	5	80	19.296339	-0.0031323172	-8.109012714	-0.0189%
30	30	1	65	25.48771	-0.0028694682	-8.851814423	-0.0239%
50	50	5	15	29.202536	-0.002090767	-12.14865167	-0.0372%
70	70	5	100	16.200653	-0.0012486391	-20.3421469	-0.0450%
35	35	1	85	22.392025	-0.0009857751	-25.76652626	-0.0642%
55	55	5	35	26.10685	-0.00020705536	-122.6725065	-0.3380%
