tag	x	t	y	v	s	speed	efficiency
e	60	5	5	31.163483	0.009713829	2.614828818	0.0087%
s	60	5	5	31.163483	0.009713829	2.614828818	0.0087%
65	60	5	5	31.163483	0.009713829	2.614828818	0.0087%
80	70	5	10	29.375816	0.011363566	2.23521384	0.0069%
80	75	1	5	29.375816	0.013441235	1.889707307	0.0058%
95	80	5	15	27.588152	0.013013303	1.951848812	0.0056%
95	85	1	10	27.588152	0.015091002	1.683122168	0.0049%
110	90	5	20	25.800488	0.01466307	1.732242975	0.0047%
110	95	1	15	25.800488	0.01674074	1.517256704	0.0041%
125	100	5	25	24.012821	0.016312778	1.557061587	0.0040%
70	65	5	5	30.567595	0.028458089	0.8925406059	0.0029%
85	75	5	10	28.77993	0.030107796	0.8436353162	0.0025%
85	80	1	5	28.77993	0.032185465	0.7891761079	0.0024%
100	85	5	15	26.992264	0.031757593	0.7998087261	0.0023%
100	90	1	10	26.992264	0.033835232	0.7506967885	0.0021%
115	95	5	20	25.204597	0.0334073	0.7603128658	0.0020%
115	100	1	15	25.204597	0.03548497	0.7157960117	0.0019%
75	70	5	5	29.971706	0.04720232	0.5381091438	0.0017%
90	80	5	10	28.18404	0.048852026	0.5199374945	0.0015%
90	85	1	5	28.18404	0.050929725	0.4987264314	0.0015%
105	90	5	15	26.396374	0.050501823	0.502952141	0.0014%
105	95	1	10	26.396374	0.052579463	0.4830783456	0.0013%
120	100	5	20	24.60871	0.05215153	0.4870422785	0.0013%
80	75	5	5	29.375816	0.06594655	0.3851604064	0.0012%
95	85	5	10	27.588152	0.06759632	0.3757601005	0.0011%
95	90	1	5	27.588152	0.069673955	0.3645551627	0.0011%
110	95	5	15	25.800488	0.06924605	0.3668079262	0.0010%
110	100	1	10	25.800488	0.07132369	0.3561229095	0.0010%
85	80	5	5	28.77993	0.08469078	0.2999145834	0.0009%
100	90	5	10	26.992264	0.08634055	0.2941839032	0.0008%
100	95	1	5	26.992264	0.088418216	0.2872711207	0.0008%
115	100	5	15	25.204597	0.087990284	0.2886682352	0.0008%
90	85	5	5	28.18404	0.10343507	0.2455646813	0.0007%
105	95	5	10	26.396374	0.10508478	0.2417095987	0.0007%
105	100	1	5	26.396374	0.107162446	0.2370233318	0.0007%
95	90	5	5	27.588152	0.1221793	0.2078911894	0.0006%
110	100	5	10	25.800488	0.12382901	0.2051215624	0.0006%
100	95	5	5	26.992264	0.14092353	0.1802395952	0.0005%
105	100	5	5	26.396374	0.15966776	0.1590803303	0.0004%
105	5	1	100	26.396374	-0.92991436	-0.02731434323	-0.0001%
110	10	1	100	25.800488	-0.9111701	-0.02787624396	-0.0001%
115	15	1	100	25.204597	-0.8924259	-0.0284617468	-0.0001%
120	20	1	100	24.60871	-0.87368166	-0.02907237403	-0.0001%
125	25	1	100	24.012821	-0.85493743	-0.02970977654	-0.0001%
130	30	1	100	23.416931	-0.83619314	-0.03037575745	-0.0001%
135	35	1	100	22.821043	-0.8174489	-0.03107227865	-0.0001%
140	40	1	100	22.225155	-0.7987047	-0.03180149059	-0.0001%
145	45	1	100	21.629267	-0.77996045	-0.03256575381	-0.0001%
105	5	5	100	26.396374	-0.87740904	-0.02894886973	-0.0001%
100	5	1	95	26.992264	-0.8940756	-0.02840923072	-0.0001%
150	50	1	100	21.033379	-0.76121616	-0.03336765736	-0.0001%
105	10	1	95	26.396374	-0.87533134	-0.02901758322	-0.0001%
110	10	5	100	25.800488	-0.8586648	-0.02958080965	-0.0001%
110	15	1	95	25.800488	-0.8565871	-0.02965255956	-0.0001%
115	15	5	100	25.204597	-0.8399205	-0.03024095733	-0.0001%
115	20	1	95	25.204597	-0.8378429	-0.03031594587	-0.0001%
120	20	5	100	24.60871	-0.8211763	-0.03093123852	-0.0001%
155	55	1	100	20.43749	-0.74247193	-0.03421004751	-0.0001%
120	25	1	95	24.60871	-0.8190986	-0.03100969773	-0.0001%
125	25	5	100	24.012821	-0.80243206	-0.03165377016	-0.0001%
125	30	1	95	24.012821	-0.80035436	-0.03173594256	-0.0001%
160	60	1	100	19.8416	-0.7237277	-0.03509607274	-0.0001%
130	30	5	100	23.416931	-0.78368783	-0.03241086441	-0.0001%
130	35	1	95	23.416931	-0.78161013	-0.03249701997	-0.0001%
135	35	5	100	22.821043	-0.7649436	-0.03320506244	-0.0001%
135	40	1	95	22.821043	-0.7628659	-0.03329549794	-0.0001%
165	65	1	100	19.245712	-0.7049835	-0.03602921203	-0.0001%
140	40	5	100	22.225155	-0.74619937	-0.03403916034	-0.0001%
140	45	1	95	22.225155	-0.7441217	-0.03413420144	-0.0001%
170	70	1	100	18.649824	-0.68623924	-0.0370133308	-0.0001%
145	45	5	100	21.629267	-0.7274551	-0.03491624432	-0.0001%
100	5	5	95	26.992264	-0.84157026	-0.03018167491	-0.0001%
95	5	1	90	27.588152	-0.85823685	-0.02959555978	-0.0001%
145	50	1	95	21.629267	-0.72537744	-0.03501625306	-0.0001%
100	10	1	90	26.992264	-0.8394926	-0.03025637153	-0.0001%
105	10	5	95	26.396374	-0.822826	-0.03086922387	-0.0001%
105	15	1	90	26.396374	-0.8207484	-0.03094736462	-0.0001%
110	15	5	95	25.800488	-0.8040818	-0.03158882591	-0.0001%
110	20	1	90	25.800488	-0.80200416	-0.03167065867	-0.0001%
150	50	5	100	21.033379	-0.70871085	-0.03583972222	-0.0001%
175	75	1	100	18.053936	-0.66749495	-0.03805272235	-0.0001%
115	20	5	95	25.204597	-0.78533757	-0.03234277968	-0.0001%
150	55	1	95	21.033379	-0.70663315	-0.03594510108	-0.0001%
115	25	1	90	25.204597	-0.78325987	-0.03242857316	-0.0001%
120	25	5	95	24.60871	-0.7665933	-0.03313360552	-0.0001%
120	30	1	90	24.60871	-0.76451564	-0.03322364994	-0.0001%
155	55	5	100	20.43749	-0.6899666	-0.03681337618	-0.0001%
155	60	1	95	20.43749	-0.6878889	-0.03692456732	-0.0001%
125	30	5	95	24.012821	-0.74784905	-0.03396407336	-0.0001%
180	80	1	100	17.458048	-0.6487507	-0.03915217355	-0.0001%
125	35	1	90	24.012821	-0.7457714	-0.03405869413	-0.0001%
130	35	5	95	23.416931	-0.7291048	-0.0348372415	-0.0001%
160	60	5	100	19.8416	-0.6712223	-0.0378414126	-0.0001%
130	40	1	90	23.416931	-0.7270272	-0.03493679466	-0.0001%
160	65	1	95	19.8416	-0.66914463	-0.03795890882	-0.0001%
135	40	5	95	22.821043	-0.7103605	-0.03575649265	-0.0001%
185	85	1	100	16.862158	-0.63000643	-0.04031704883	-0.0001%
135	45	1	90	22.821043	-0.70828295	-0.03586137433	-0.0001%
165	65	5	100	19.245712	-0.6524781	-0.03892850963	-0.0001%
165	70	1	95	19.245712	-0.6504004	-0.03905286651	-0.0001%
95	5	5	90	27.588152	-0.80573153	-0.031524148	-0.0001%
140	45	5	95	22.225155	-0.6916163	-0.0367255659	-0.0001%
90	5	1	85	28.18404	-0.82239807	-0.03088528649	-0.0001%
95	10	1	85	27.588152	-0.80365384	-0.03160564753	-0.0001%
140	50	1	90	22.225155	-0.6895387	-0.03683622109	-0.0001%
100	10	5	90	26.992264	-0.7869873	-0.0322749808	-0.0001%
100	15	1	85	26.992264	-0.7849096	-0.0323604145	-0.0001%
105	15	5	90	26.396374	-0.7682431	-0.0330624512	-0.0001%
190	90	1	100	16.26627	-0.6112622	-0.04155336286	-0.0001%
105	20	1	85	26.396374	-0.7661654	-0.0331521105	-0.0001%
170	70	5	100	18.649824	-0.63373387	-0.04007991556	-0.0001%
145	50	5	95	21.629267	-0.67287207	-0.03774863177	-0.0001%
110	20	5	90	25.800488	-0.74949884	-0.03388931196	-0.0001%
170	75	1	95	18.649824	-0.63165617	-0.04021175001	-0.0001%
145	55	1	90	21.629267	-0.6707944	-0.03786555165	-0.0001%
110	25	1	85	25.800488	-0.74742115	-0.03398351786	-0.0001%
115	25	5	90	25.204597	-0.73075455	-0.03475859302	-0.0001%
115	30	1	85	25.204597	-0.72867686	-0.03485770085	-0.0001%
150	55	5	95	21.033379	-0.65412784	-0.03883033017	-0.0001%
195	95	1	100	15.670382	-0.592518	-0.042867896	-0.0001%
120	30	5	90	24.60871	-0.7120103	-0.03567364124	-0.0001%
150	60	1	90	21.033379	-0.6520502	-0.03895405599	-0.0001%
175	75	5	100	18.053936	-0.61498964	-0.04130150875	-0.0001%
120	35	1	85	24.60871	-0.7099326	-0.03577804428	-0.0001%
175	80	1	95	18.053936	-0.61291194	-0.04144151605	-0.0001%
125	35	5	90	24.012821	-0.6932661	-0.03663816823	-0.0001%
155	60	5	95	20.43749	-0.6353836	-0.03997585081	-0.0001%
125	40	1	85	24.012821	-0.6911884	-0.03674830191	-0.0001%
155	65	1	90	20.43749	-0.6333059	-0.04010700042	-0.0001%
180	80	5	100	17.458048	-0.5962454	-0.04259990937	-0.0001%
130	40	5	90	23.416931	-0.6745218	-0.03765630703	-0.0001%
200	100	1	100	15.074493	-0.57377374	-0.04426832082	-0.0001%
180	85	1	95	17.458048	-0.5941677	-0.04274887376	-0.0001%
130	45	1	85	23.416931	-0.67244416	-0.03777265312	-0.0001%
160	65	5	95	19.8416	-0.6166393	-0.04119101718	-0.0001%
90	5	5	85	28.18404	-0.76989275	-0.03299160825	-0.0001%
85	5	1	80	28.77993	-0.78655934	-0.03229254134	-0.0001%
160	70	1	90	19.8416	-0.6145617	-0.04133026838	-0.0001%
135	45	5	90	22.821043	-0.6557776	-0.03873264351	-0.0001%
90	10	1	80	28.18404	-0.7678151	-0.03308088106	-0.0001%
95	10	5	85	27.588152	-0.7511485	-0.03381488481	-0.0001%
135	50	1	85	22.821043	-0.6536999	-0.03885575017	-0.0001%
95	15	1	80	27.588152	-0.7490709	-0.03390867273	-0.0001%
185	85	5	100	16.862158	-0.5775011	-0.04398260021	-0.0001%
100	15	5	85	26.992264	-0.73240423	-0.03468030216	-0.0001%
100	20	1	80	26.992264	-0.73032665	-0.03477895816	-0.0001%
185	90	1	95	16.862158	-0.5754235	-0.04414140194	-0.0001%
165	70	5	95	19.245712	-0.5978951	-0.04248236856	-0.0001%
140	50	5	90	22.225155	-0.63703334	-0.03987232442	-0.0001%
105	20	5	85	26.396374	-0.71366	-0.03559117787	-0.0001%
105	25	1	80	26.396374	-0.7115824	-0.03569509308	-0.0001%
140	55	1	85	22.225155	-0.63495564	-0.04000279453	-0.0001%
165	75	1	90	19.245712	-0.59581745	-0.04263050705	-0.0001%
110	25	5	85	25.800488	-0.6949158	-0.03655119081	-0.0001%
110	30	1	80	25.800488	-0.69283813	-0.03666079983	-0.0001%
145	55	5	90	21.629267	-0.6182891	-0.04108110591	-0.0001%
190	90	5	100	16.26627	-0.5587569	-0.04545805161	-0.0001%
115	30	5	85	25.204597	-0.67617154	-0.03756443224	-0.0001%
145	60	1	85	21.629267	-0.6162114	-0.04121962041	-0.0001%
190	95	1	95	16.26627	-0.5566792	-0.04562771521	-0.0001%
170	75	5	95	18.649824	-0.57915086	-0.04385731207	-0.0001%
115	35	1	80	25.204597	-0.6740939	-0.03768021043	-0.0001%
170	80	1	90	18.649824	-0.5770732	-0.04401521332	-0.0001%
120	35	5	85	24.60871	-0.6574273	-0.03863545064	-0.0001%
120	40	1	80	24.60871	-0.6553497	-0.03875793336	-0.0001%
150	60	5	90	21.033379	-0.5995449	-0.04236546754	-0.0001%
150	65	1	85	21.033379	-0.5974672	-0.04251279401	-0.0001%
195	95	5	100	15.670382	-0.54001266	-0.04703593431	-0.0001%
125	40	5	85	24.012821	-0.6386831	-0.03976933161	-0.0001%
175	80	5	95	18.053936	-0.5604066	-0.04532423423	-0.0001%
195	100	1	95	15.670382	-0.53793496	-0.04721760415	-0.0001%
125	45	1	80	24.012821	-0.63660544	-0.03989912496	-0.0001%
175	85	1	90	18.053936	-0.558329	-0.04549289039	-0.0001%
155	65	5	90	20.43749	-0.5808006	-0.04373273719	-0.0001%
85	5	5	80	28.77993	-0.734054	-0.03460235895	-0.0001%
80	5	1	75	29.375816	-0.7507206	-0.03383415881	-0.0001%
85	10	1	75	28.77993	-0.7319764	-0.03470057231	-0.0001%
155	70	1	85	20.43749	-0.57872295	-0.04388974033	-0.0001%
130	45	5	85	23.416931	-0.6199388	-0.04097178625	-0.0001%
90	10	5	80	28.18404	-0.7153098	-0.03550908991	-0.0001%
130	50	1	80	23.416931	-0.61786115	-0.04110955997	-0.0001%
90	15	1	75	28.18404	-0.71323216	-0.03561252762	-0.0001%
95	15	5	80	27.588152	-0.6965655	-0.03646462537	-0.0001%
95	20	1	75	27.588152	-0.6944879	-0.03657371136	-0.0001%
180	85	5	95	17.458048	-0.54166234	-0.04689268226	-0.0001%
200	100	5	100	15.074493	-0.5212684	-0.04872729672	-0.0001%
180	90	1	90	17.458048	-0.53958476	-0.04707323461	-0.0001%
100	20	5	80	26.992264	-0.6778213	-0.03747300358	-0.0001%
135	50	5	85	22.821043	-0.60119456	-0.04224921796	-0.0001%
160	70	5	90	19.8416	-0.56205636	-0.04519119755	-0.0001%
100	25	1	75	26.992264	-0.6757437	-0.03758821577	-0.0001%
135	55	1	80	22.821043	-0.5991169	-0.04239573279	-0.0001%
160	75	1	85	19.8416	-0.55997866	-0.04535887135	-0.0001%
105	25	5	80	26.396374	-0.65907705	-0.03853874141	-0.0001%
105	30	1	75	26.396374	-0.6569994	-0.03866061369	-0.0001%
140	55	5	85	22.225155	-0.58245033	-0.04360886876	-0.0001%
110	30	5	80	25.800488	-0.6403328	-0.03966687323	-0.0001%
185	90	5	95	16.862158	-0.5229181	-0.04857357204	-0.0001%
140	60	1	80	22.225155	-0.5803727	-0.04376498068	-0.0001%
