tag	x	t	y	v	s	speed	efficiency	physical energy	electrical energey
s	10	5	40	34.74145	0.00061017275	41.62755548	0.1660%	0.1169895678	70.46829911
e	10	5	40	34.74145	0.00061017275	41.62755548	0.1660%	0.1169895678	70.46829911
41.62755548	10	5	40	34.74145	0.00061017275	41.62755548	0.1660%	0.1169895678	70.46829911
16.07564719	60	5	5	33.2037	0.0015800297	16.07564719	0.0589%	0.04517880032	76.73725838
2.7629574	10	1	10	37.81695	0.009193048	2.7629574	0.0136%	0.007764981354	57.07909756
3.37272517	45	5	15	33.716286	0.007531002	3.37272517	0.0127%	0.009478665164	74.6791235
1.883996966	30	5	25	34.228867	0.013481975	1.883996966	0.0073%	0.005294761807	72.58947983
1.307057565	15	5	35	34.74145	0.019432962	1.307057565	0.0052%	0.00367333844	70.46829911
0.9066300607	15	1	5	37.81695	0.028015837	0.9066300607	0.0045%	0.002547981926	57.07909756
0.9638082051	50	5	10	33.716286	0.026353791	0.9638082051	0.0036%	0.002708674676	74.6791235
0.7862617415	35	5	20	34.228867	0.032304764	0.7862617415	0.0030%	0.002209700288	72.58947983
0.6639529984	20	5	30	34.74145	0.03825572	0.6639529984	0.0026%	0.001865965307	70.46829911
0.4811553791	5	1	10	38.329536	0.0527896	0.4811553791	0.0025%	0.001352233135	54.7372002
0.5745734075	5	5	40	35.254036	0.04420671	0.5745734075	0.0024%	0.001614774009	68.31557674
0.5622379354	55	5	5	33.716286	0.045176603	0.5622379354	0.0021%	0.00158010655	74.6791235
0.4967965619	40	5	15	34.228867	0.051127568	0.4967965619	0.0019%	0.001396190922	72.58947983
0.3546872018	10	1	5	38.329536	0.071612395	0.3546872018	0.0018%	0.0009968085317	54.7372002
0.4450009877	25	5	25	34.74145	0.057078525	0.4450009877	0.0018%	0.00125062528	70.46829911
0.4029857116	10	5	35	35.254036	0.06302953	0.4029857116	0.0017%	0.001132546067	68.31557674
0.363114643	45	5	10	34.228867	0.06995036	0.363114643	0.0014%	0.001020492908	72.58947983
0.3346449924	30	5	20	34.74145	0.07590133	0.3346449924	0.0013%	0.0009404821537	70.46829911
0.310315081	15	5	30	35.254036	0.08185229	0.310315081	0.0013%	0.0008721056712	68.31557674
0.2204689827	5	1	5	38.84212	0.11520895	0.2204689827	0.0012%	0.0006196033061	52.36378283
0.2861225817	50	5	5	34.228867	0.08877314	0.2861225817	0.0011%	0.0008041153699	72.58947983
0.2681471656	35	5	15	34.74145	0.094724104	0.2681471656	0.0011%	0.0007535974825	70.46829911
0.2522968048	20	5	25	35.254036	0.100675076	0.2522968048	0.0010%	0.0007090518244	68.31557674
0.2382156857	5	5	35	35.766617	0.10662606	0.2382156857	0.0010%	0.0006694784212	66.1313465
0.2236960721	40	5	10	34.74145	0.11354692	0.2236960721	0.0009%	0.0006286726783	70.46829911
0.2125560721	25	5	20	35.254036	0.11949788	0.2125560721	0.0009%	0.00059736496	68.31557674
0.2024729601	10	5	30	35.766617	0.12544885	0.2024729601	0.0009%	0.0005690275065	66.1313465
0.191886814	45	5	5	34.74145	0.1323697	0.191886814	0.0008%	0.0005392763322	70.46829911
0.1836312678	30	5	15	35.254036	0.13832067	0.1836312678	0.0008%	0.0005160750473	68.31557674
0.1760567773	15	5	25	35.766617	0.14427164	0.1760567773	0.0007%	0.0004947877927	66.1313465
0.1616357435	35	5	10	35.254036	0.15714346	0.1616357435	0.0007%	0.0004542590975	68.31557674
0.1557379979	20	5	20	35.766617	0.16309443	0.1557379979	0.0007%	0.000437684146	66.1313465
0.1502555024	5	5	30	36.2792	0.16904539	0.1502555024	0.0007%	0.0004222762082	63.91557884
0.1352011604	10	5	25	36.2792	0.18786821	0.1352011604	0.0006%	0.0003799676715	63.91557884
0.1443458536	40	5	5	35.254036	0.17596626	0.1443458536	0.0006%	0.0004056678042	68.31557674
0.1396239454	25	5	15	35.766617	0.18191722	0.1396239454	0.0006%	0.0003923974119	66.1313465
0.1228887566	15	5	20	36.2792	0.206691	0.1228887566	0.0005%	0.000345365044	63.91557884
0.1265318196	30	5	10	35.766617	0.20074002	0.1265318196	0.0005%	0.0003556034632	66.1313465
0.1097359365	5	5	25	36.791786	0.23146474	0.1097359365	0.0005%	0.0003084005206	61.66826898
0.1126317032	20	5	15	36.2792	0.22551377	0.1126317032	0.0005%	0.0003165387475	63.91557884
0.115684442	35	5	5	35.766617	0.2195628	0.115684442	0.0005%	0.0003251181271	66.1313465
0.1014832699	10	5	20	36.791786	0.25028756	0.1014832699	0.0005%	0.0002852073284	61.66826898
0.1039549625	25	5	10	36.2792	0.24433658	0.1039549625	0.0005%	0.0002921537426	63.91557884
0.09438508341	15	5	15	36.791786	0.26911032	0.09438508341	0.0004%	0.0002652586728	61.66826898
0.09651946258	30	5	5	36.2792	0.26315936	0.09651946258	0.0004%	0.0002712571056	63.91557884
0.08642862952	5	5	20	37.304367	0.2938841	0.08642862952	0.0004%	0.000242897953	59.38945216
0.08821493604	20	5	10	36.791786	0.2879331	0.08821493604	0.0004%	0.0002479181668	61.66826898
0.08122622174	10	5	15	37.304367	0.3127069	0.08122622174	0.0004%	0.0002282771704	59.38945216
0.08280198528	25	5	5	36.791786	0.30675593	0.08280198528	0.0004%	0.0002327056768	61.66826898
0.07661455831	15	5	10	37.304367	0.33152968	0.07661455831	0.0004%	0.0002153166085	59.38945216
0.07128754998	5	5	15	37.81695	0.35630345	0.07128754998	0.0004%	0.0002003456501	57.07909756
0.07249841852	20	5	5	37.304367	0.35035247	0.07249841852	0.0003%	0.0002037486601	59.38945216
0.06771053926	10	5	10	37.81695	0.37512624	0.06771053926	0.0003%	0.0001902928633	57.07909756
0.06447534596	15	5	5	37.81695	0.39394903	0.06447534596	0.0003%	0.000181200716	57.07909756
0.06066065664	5	5	10	38.329536	0.4187228	0.06066065664	0.0003%	0.0001704799603	54.7372002
0.05805109227	10	5	5	38.329536	0.4375456	0.05805109227	0.0003%	0.0001631460728	54.7372002
0.05279105365	5	5	5	38.84212	0.48114213	0.05279105365	0.0003%	0.0001483633252	52.36378283
-0.01337480365	100	1	100	19.363945	-1.8990933	-0.01337480365	0.0000%	-0.000037588383	120.388658
-0.01368905621	95	1	100	19.876528	-1.8554968	-0.01368905621	0.0000%	-0.00003847155452	119.1818181
-0.01382934662	100	1	95	19.876528	-1.8366739	-0.01382934662	0.0000%	-0.00003886582496	119.1818181
-0.01401843291	90	1	100	20.389112	-1.8119001	-0.01401843291	0.0000%	-0.00003939723074	117.9434467
-0.01416559119	95	1	95	20.389112	-1.7930773	-0.01416559119	0.0000%	-0.00003981080253	117.9434467
-0.01431587101	100	1	90	20.389112	-1.7742546	-0.01431587101	0.0000%	-0.0000402331471	117.9434467
-0.01436405006	85	1	100	20.901695	-1.7683035	-0.01436405006	0.0000%	-0.0000403685489	116.6735488
-0.014518594	90	1	95	20.901695	-1.7494807	-0.014518594	0.0000%	-0.00004080287728	116.6735488
-0.01467649961	95	1	90	20.901695	-1.7306579	-0.01467649961	0.0000%	-0.00004124665326	116.6735488
-0.01483787605	100	1	85	20.901695	-1.7118353	-0.01483787605	0.0000%	-0.0000417001836	116.6735488
-0.01472713916	80	1	100	21.414278	-1.724707	-0.01472713916	0.0000%	-0.00004138897002	115.3721219
-0.01488963992	85	1	95	21.414278	-1.7058841	-0.01488963992	0.0000%	-0.00004184566015	115.3721219
-0.01505576501	90	1	90	21.414278	-1.6870614	-0.01505576501	0.0000%	-0.00004231253605	115.3721219
-0.01522563796	95	1	85	21.414278	-1.6682388	-0.01522563796	0.0000%	-0.00004278994489	115.3721219
-0.01510906035	75	1	100	21.926863	-1.6811105	-0.01510906035	0.0000%	-0.00004246231661	114.0391607
-0.01539939078	100	1	80	21.414278	-1.6494159	-0.01539939078	0.0000%	-0.00004327825766	115.3721219
-0.01528014767	80	1	95	21.926863	-1.6622876	-0.01528014767	0.0000%	-0.00004294313831	114.0391607
-0.0154551521	85	1	90	21.926863	-1.6434649	-0.0154551521	0.0000%	-0.00004343496859	114.0391607
-0.01563421261	90	1	85	21.926863	-1.6246421	-0.01563421261	0.0000%	-0.00004393819803	114.0391607
-0.01656708911	100	5	100	19.363945	-1.5331601	-0.01656708911	0.0000%	-0.00004655994264	120.388658
-0.01551131777	70	1	100	22.439445	-1.637514	-0.01551131777	0.0000%	-0.00004359281588	112.6746785
-0.01581747087	95	1	80	21.926863	-1.6058193	-0.01581747087	0.0000%	-0.00004445322479	114.0391607
-0.01569169065	75	1	95	22.439445	-1.6186911	-0.01569169065	0.0000%	-0.00004409973361	112.6746785
-0.01600507726	100	1	75	21.926863	-1.5869964	-0.01600507726	0.0000%	-0.00004498047148	114.0391607
-0.01587630682	80	1	90	22.439445	-1.5998683	-0.01587630682	0.0000%	-0.00004461857661	112.6746785
-0.0160653188	85	1	85	22.439445	-1.5810455	-0.0160653188	0.0000%	-0.00004514977356	112.6746785
-0.01705197529	95	5	100	19.876528	-1.4895635	-0.01705197529	0.0000%	-0.00004792266077	119.1818181
-0.0159355811	65	1	100	22.95203	-1.5939174	-0.0159355811	0.0000%	-0.00004478516033	111.2786591
-0.0162588855	90	1	80	22.439445	-1.5622227	-0.0162588855	0.0000%	-0.000045693771	112.6746785
-0.01727020949	100	5	95	19.876528	-1.4707407	-0.01727020949	0.0000%	-0.00004853598347	119.1818181
-0.01612601554	70	1	95	22.95203	-1.5750946	-0.01612601554	0.0000%	-0.00004532035492	111.2786591
-0.01645717354	95	1	75	22.439445	-1.5433999	-0.01645717354	0.0000%	-0.00004625103728	112.6746785
-0.01632105756	75	1	90	22.95203	-1.5562717	-0.01632105756	0.0000%	-0.00004586849861	111.2786591
-0.01666035781	100	1	70	22.439445	-1.5245771	-0.01666035781	0.0000%	-0.00004682206384	112.6746785
-0.01652087321	80	1	85	22.95203	-1.537449	-0.01652087321	0.0000%	-0.00004643005804	111.2786591
-0.01756609936	90	5	100	20.389112	-1.445967	-0.01756609936	0.0000%	-0.00004936754871	117.9434467
-0.01638370693	60	1	100	23.464613	-1.5503207	-0.01638370693	0.0000%	-0.00004604456762	109.8511162
-0.01672564432	85	1	80	22.95203	-1.5186261	-0.01672564432	0.0000%	-0.00004700554423	111.2786591
-0.01779778355	95	5	95	20.389112	-1.427144	-0.01779778355	0.0000%	-0.00005001867107	117.9434467
-0.016585069	65	1	95	23.464613	-1.531498	-0.016585069	0.0000%	-0.00004661047309	109.8511162
-0.01693555302	90	1	75	22.95203	-1.4998034	-0.01693555302	0.0000%	-0.00004759546905	111.2786591
-0.0167914434	70	1	90	23.464613	-1.5126752	-0.0167914434	0.0000%	-0.00004719046515	109.8511162
-0.01803565578	100	5	90	20.389112	-1.4083214	-0.01803565578	0.0000%	-0.00005068718427	117.9434467
-0.01715079976	95	1	70	22.95203	-1.4809805	-0.01715079976	0.0000%	-0.00004820039583	111.2786591
-0.01700301737	75	1	85	23.464613	-1.4938525	-0.01700301737	0.0000%	-0.00004778507002	109.8511162
-0.01811219191	85	5	100	20.901695	-1.4023703	-0.01811219191	0.0000%	-0.00005090228045	116.6735488
-0.01685776335	55	1	100	23.977196	-1.5067242	-0.01685776335	0.0000%	-0.00004737684993	108.3920443
-0.01737158602	100	1	65	22.95203	-1.4621578	-0.01737158602	0.0000%	-0.00004882089082	111.2786591
-0.01721999342	80	1	80	23.464613	-1.4750296	-0.01721999342	0.0000%	-0.00004839485683	109.8511162
-0.01835860352	90	5	95	20.901695	-1.3835475	-0.01835860352	0.0000%	-0.0000515947926	116.6735488
-0.01707102481	60	1	95	23.977196	-1.4879013	-0.01707102481	0.0000%	-0.00004797619729	108.3920443
-0.01744257752	85	1	75	23.464613	-1.4562068	-0.01744257752	0.0000%	-0.00004902040446	109.8511162
-0.01728974765	65	1	90	23.977196	-1.4690787	-0.01728974765	0.0000%	-0.00004859089327	108.3920443
-0.01861181097	95	5	90	20.901695	-1.3647248	-0.01861181097	0.0000%	-0.00005230640369	116.6735488
-0.01767099119	90	1	70	23.464613	-1.437384	-0.01767099119	0.0000%	-0.0000496623354	109.8511162
-0.01751414923	70	1	85	23.977196	-1.450256	-0.01751414923	0.0000%	-0.00004922154869	108.3920443
-0.01887210073	100	5	85	20.901695	-1.3459021	-0.01887210073	0.0000%	-0.00005303791881	116.6735488
-0.01869332482	80	5	100	21.414278	-1.3587738	-0.01869332482	0.0000%	-0.00005253548921	115.3721219
-0.01736007048	50	1	100	24.48978	-1.4631277	-0.01736007048	0.0000%	-0.00004878852769	106.9014405
-0.01790546521	95	1	65	23.464613	-1.4185613	-0.01790546521	0.0000%	-0.00005032129828	109.8511162
-0.01774445484	75	1	80	23.977196	-1.4314331	-0.01774445484	0.0000%	-0.00004986879674	108.3920443
-0.01895591846	85	5	95	21.414278	-1.3399509	-0.01895591846	0.0000%	-0.00005327347913	115.3721219
-0.01758631558	55	1	95	24.48978	-1.4443048	-0.01758631558	0.0000%	-0.0000494243641	106.9014405
-0.0181462479	100	1	60	23.464613	-1.3997384	-0.0181462479	0.0000%	-0.00005099799099	109.8511162
-0.01798089806	80	1	75	23.977196	-1.4126102	-0.01798089806	0.0000%	-0.00005053329383	108.3920443
-0.01922599185	90	5	90	21.414278	-1.3211282	-0.01922599185	0.0000%	-0.00005403249004	115.3721219
-0.01781853186	60	1	90	24.48978	-1.4254822	-0.01781853186	0.0000%	-0.00005007698189	106.9014405
-0.01822372492	85	1	70	23.977196	-1.3937875	-0.01822372492	0.0000%	-0.00005121573146	108.3920443
-0.01805696532	65	1	85	24.48978	-1.4066594	-0.01805696532	0.0000%	-0.00005074707233	106.9014405
-0.01950387217	95	5	85	21.414278	-1.3023055	-0.01950387217	0.0000%	-0.00005481344148	115.3721219
-0.01931298687	75	5	100	21.926863	-1.3151772	-0.01931298687	0.0000%	-0.00005427697979	114.0391607
-0.01789323249	45	1	100	25.002363	-1.4195311	-0.01789323249	0.0000%	-0.00005028691961	105.3793107
-0.01847320153	90	1	65	23.977196	-1.3749647	-0.01847320153	0.0000%	-0.00005191685744	108.3920443
-0.01830186637	70	1	80	24.48978	-1.3878366	-0.01830186637	0.0000%	-0.00005143533923	106.9014405
-0.01978990445	100	5	80	21.414278	-1.2834827	-0.01978990445	0.0000%	-0.00005561730307	115.3721219
-0.01959340748	80	5	95	21.926863	-1.2963544	-0.01959340748	0.0000%	-0.00005506507041	114.0391607
-0.01813368279	50	1	95	25.002363	-1.4007083	-0.01813368279	0.0000%	-0.00005096267818	105.3793107
-0.01872960344	95	1	60	23.977196	-1.3561419	-0.01872960344	0.0000%	-0.00005263744621	108.3920443
-0.01855350315	75	1	75	24.48978	-1.3690137	-0.01855350315	0.0000%	-0.00005214253613	106.9014405
-0.01988209137	85	5	90	21.926863	-1.2775316	-0.01988209137	0.0000%	-0.00005587638404	114.0391607
-0.01838068349	55	1	90	25.002363	-1.3818855	-0.01838068349	0.0000%	-0.00005165684589	105.3793107
-0.01899322308	100	1	55	23.977196	-1.3373191	-0.01899322308	0.0000%	-0.00005337831959	108.3920443
-0.01881215464	80	1	70	24.48978	-1.3501909	-0.01881215464	0.0000%	-0.00005286944706	106.9014405
-0.01863450595	60	1	85	25.002363	-1.3630627	-0.01863450595	0.0000%	-0.0000523701854	105.3793107
-0.02017940604	90	5	85	21.926863	-1.258709	-0.02017940604	0.0000%	-0.00005671195353	114.0391607
-0.01997513803	70	5	100	22.439445	-1.2715807	-0.01997513803	0.0000%	-0.00005613788123	112.6746785
-0.01846017972	40	1	100	25.514946	-1.3759346	-0.01846017972	0.0000%	-0.0000518802611	103.8256518
-0.01907811972	85	1	65	24.48978	-1.3313681	-0.01907811972	-0.0001%	-0.00005361691204	106.9014405
-0.01889543534	65	1	80	25.002363	-1.34424	-0.01889543534	-0.0001%	-0.00005310349812	105.3793107
-0.02048575434	95	5	80	21.926863	-1.239886	-0.02048575434	-0.0001%	-0.00005757291099	114.0391607
-0.02027526789	75	5	95	22.439445	-1.2527578	-0.02027526789	-0.0001%	-0.00005698136249	112.6746785
-0.01871621916	45	1	95	25.514946	-1.3571117	-0.01871621916	-0.0001%	-0.00005259983118	103.8256518
-0.01935171157	90	1	60	24.48978	-1.3125454	-0.01935171157	-0.0001%	-0.0000543858112	106.9014405
-0.01916377726	70	1	75	25.002363	-1.3254172	-0.01916377726	-0.0001%	-0.00005385764294	105.3793107
-0.02080154239	100	5	75	21.926863	-1.2210633	-0.02080154239	-0.0001%	-0.00005846039784	114.0391607
-0.020584551	80	5	90	22.439445	-1.2339351	-0.020584551	-0.0001%	-0.00005785056792	112.6746785
-0.0189794581	50	1	90	25.514946	-1.338289	-0.0189794581	-0.0001%	-0.00005333963465	103.8256518
-0.01963326757	95	1	55	24.48978	-1.2937225	-0.01963326757	-0.0001%	-0.0000551770927	106.9014405
-0.01943985214	75	1	70	25.002363	-1.3065943	-0.01943985214	-0.0001%	-0.00005463352037	105.3793107
-0.01925020891	55	1	85	25.514946	-1.3194662	-0.01925020891	-0.0001%	-0.00005410054938	103.8256518
-0.02090341773	85	5	85	22.439445	-1.2151123	-0.02090341773	-0.0001%	-0.00005874670704	112.6746785
-0.02068430522	65	5	100	22.95203	-1.2279842	-0.02068430522	-0.0001%	-0.00005813091594	111.2786591
-0.01992313435	100	1	50	24.48978	-1.2748998	-0.01992313435	-0.0001%	-0.00005599173073	106.9014405
-0.01906423145	35	1	100	26.02753	-1.332338	-0.01906423145	-0.0001%	-0.00005357788062	102.2404609
-0.01972399453	80	1	65	25.002363	-1.2877716	-0.01972399453	-0.0001%	-0.00005543207065	105.3793107
-0.01952879779	60	1	80	25.514946	-1.3006433	-0.01952879779	-0.0001%	-0.00005488349212	103.8256518
-0.02123231877	90	5	80	22.439445	-1.1962895	-0.02123231877	-0.0001%	-0.00005967104644	112.6746785
-0.02100629585	70	5	95	22.95203	-1.2091613	-0.02100629585	-0.0001%	-0.00005903583443	111.2786591
-0.01933742373	40	1	95	26.02753	-1.3135152	-0.01933742373	-0.0001%	-0.00005434565684	102.2404609
-0.02001656804	85	1	60	25.002363	-1.2689488	-0.02001656804	-0.0001%	-0.00005625431563	105.3793107
-0.01981556391	65	1	75	25.514946	-1.2818207	-0.01981556391	-0.0001%	-0.00005568941609	103.8256518
-0.02157173349	95	5	75	22.439445	-1.1774668	-0.02157173349	-0.0001%	-0.00006062493338	112.6746785
-0.02133846801	75	5	90	22.95203	-1.1903385	-0.02133846801	-0.0001%	-0.00005996936696	111.2786591
-0.01961855959	45	1	90	26.02753	-1.2946924	-0.01961855959	-0.0001%	-0.00005513575758	102.2404609
-0.02031795195	90	1	55	25.002363	-1.250126	-0.02031795195	-0.0001%	-0.00005710132123	105.3793107
-0.02011088381	70	1	70	25.514946	-1.2629977	-0.02011088381	-0.0001%	-0.0000565193795	103.8256518
-0.02192217799	100	5	70	22.439445	-1.158644	-0.02192217799	-0.0001%	-0.0000616098183	112.6746785
-0.01990798904	50	1	85	26.02753	-1.2758697	-0.01990798904	-0.0001%	-0.00005594916653	102.2404609
-0.02168131236	80	5	85	22.95203	-1.1715158	-0.02168131236	-0.0001%	-0.00006093289251	111.2786591
-0.02144568214	60	5	100	23.464613	-1.1843876	-0.02144568214	-0.0001%	-0.00006027068023	109.8511162
-0.0206285503	95	1	50	25.002363	-1.2313032	-0.0206285503	-0.0001%	-0.00005797422301	105.3793107
-0.01970915036	30	1	100	26.540115	-1.2887415	-0.01970915036	-0.0001%	-0.00005539035277	100.6237377
-0.02041513289	75	1	65	25.514946	-1.2441751	-0.02041513289	-0.0001%	-0.00005737443734	103.8256518
-0.02020608938	55	1	80	26.02753	-1.2570468	-0.02020608938	-0.0001%	-0.00005678694406	102.2404609
-0.02203535738	85	5	80	22.95203	-1.1526929	-0.02203535738	-0.0001%	-0.00006192789624	111.2786591
-0.02179201019	65	5	95	23.464613	-1.1655648	-0.02179201019	-0.0001%	-0.00006124399631	109.8511162
-0.02000128197	35	1	95	26.540115	-1.2699186	-0.02000128197	-0.0001%	-0.00005621135584	100.6237377
-0.02094879224	100	1	45	25.002363	-1.2124804	-0.02094879224	-0.0001%	-0.00005887422701	105.3793107
-0.02072873415	80	1	60	25.514946	-1.2253522	-0.02072873415	-0.0001%	-0.00005825577847	103.8256518
-0.02051325124	60	1	75	26.02753	-1.238224	-0.02051325124	-0.0001%	-0.00005765018794	102.2404609
-0.02240115512	90	5	75	22.95203	-1.1338701	-0.02240115512	-0.0001%	-0.0000629559297	111.2786591
-0.02214970761	70	5	90	23.464613	-1.146742	-0.02214970761	-0.0001%	-0.00006224926471	109.8511162
-0.02030220065	40	1	90	26.540115	-1.2510959	-0.02030220065	-0.0001%	-0.00005705705399	100.6237377
-0.02105211684	85	1	55	25.514946	-1.2065295	-0.02105211684	-0.0001%	-0.00005916460916	103.8256518
-0.02082989585	65	1	70	26.02753	-1.2194012	-0.02082989585	-0.0001%	-0.00005854008206	102.2404609
-0.02277930273	95	5	70	22.95203	-1.1150473	-0.02277930273	-0.0001%	-0.00006401867106	111.2786591
-0.02061231394	45	1	85	26.540115	-1.2322731	-0.02061231394	-0.0001%	-0.00005792859254	100.6237377
-0.02251934358	75	5	85	23.464613	-1.1279192	-0.02251934358	-0.0001%	-0.0000632880851	109.8511162
-0.02226525279	55	5	100	23.977196	-1.140791	-0.02226525279	-0.0001%	-0.00006257399148	108.3920443
-0.02138575301	90	1	50	25.514946	-1.1877066	-0.02138575301	-0.0001%	-0.00006010225615	103.8256518
-0.02039923061	25	1	100	27.052698	-1.245145	-0.02039923061	-0.0001%	-0.00005732974578	98.97549186
-0.02115646572	70	1	65	26.02753	-1.2005786	-0.02115646572	-0.0001%	-0.00005945786999	102.2404609
-0.02093204806	50	1	80	26.540115	-1.2134503	-0.02093204806	-0.0001%	-0.00005882716936	100.6237377
-0.02317043212	100	5	65	22.95203	-1.0962247	-0.02317043212	-0.0001%	-0.00006511789628	111.2786591
-0.02290152596	80	5	80	23.464613	-1.1090964	-0.02290152596	-0.0001%	-0.00006436216573	109.8511162
-0.0226387878	60	5	95	23.977196	-1.1219682	-0.0226387878	-0.0001%	-0.00006362376965	108.3920443
-0.02071234146	30	1	95	27.052698	-1.226322	-0.02071234146	-0.0001%	-0.00005820970863	98.97549186
-0.02173013077	95	1	45	25.514946	-1.1688839	-0.02173013077	-0.0001%	-0.00006107009114	103.8256518
-0.02149344403	75	1	60	26.02753	-1.1817557	-0.02149344403	-0.0001%	-0.00006040490967	102.2404609
-0.02126185956	55	1	75	26.540115	-1.1946274	-0.02126185956	-0.0001%	-0.00005975406751	100.6237377
-0.02329690456	85	5	75	23.464613	-1.0902736	-0.02329690456	-0.0001%	-0.00006547333285	109.8511162
-0.02302506786	65	5	90	23.977196	-1.1031455	-0.02302506786	-0.0001%	-0.00006470936636	108.3920443
-0.02103520714	35	1	90	27.052698	-1.2074994	-0.02103520714	-0.0001%	-0.00005911708636	98.97549186
-0.02208578501	100	1	40	25.514946	-1.150061	-0.02208578501	-0.0001%	-0.00006206961745	103.8256518
-0.02184132894	80	1	55	26.02753	-1.1629329	-0.02184132894	-0.0001%	-0.0000613826011	102.2404609
-0.02160222697	60	1	70	26.540115	-1.1758047	-0.02160222697	-0.0001%	-0.00006071063188	100.6237377
-0.02370617484	90	5	70	23.464613	-1.0714508	-0.02370617484	-0.0001%	-0.00006662354101	109.8511162
-0.02136830152	40	1	85	27.052698	-1.1886766	-0.02136830152	-0.0001%	-0.0000600532107	98.97549186
-0.02342476091	70	5	85	23.977196	-1.0843227	-0.02342476091	-0.0001%	-0.00006583265877	108.3920443
-0.02314994988	50	5	100	24.48978	-1.0971946	-0.02314994988	-0.0001%	-0.00006506033324	106.9014405
-0.02220066058	85	1	50	26.02753	-1.1441101	-0.02220066058	-0.0001%	-0.00006239246233	102.2404609
-0.02113939157	20	1	100	27.56528	-1.2015483	-0.02113939157	-0.0001%	-0.00005940988499	97.29572031
-0.02195366911	65	1	65	26.540115	-1.156982	-0.02195366911	-0.0001%	-0.00006169832055	100.6237377
-0.02171211665	45	1	80	27.052698	-1.1698537	-0.02171211665	-0.0001%	-0.00006101946449	98.97549186
-0.02413008204	95	5	65	23.464613	-1.052628	-0.02413008204	-0.0001%	-0.00006781488457	109.8511162
-0.02383857791	75	5	80	23.977196	-1.0654998	-0.02383857791	-0.0001%	-0.00006699564496	108.3920443
-0.02355403277	55	5	95	24.48978	-1.0783716	-0.02355403277	-0.0001%	-0.00006619596279	106.9014405
-0.02147582004	25	1	95	27.56528	-1.1827255	-0.02147582004	-0.0001%	-0.00006035537943	97.29572031
-0.02257201339	90	1	45	26.02753	-1.1252873	-0.02257201339	-0.0001%	-0.00006343610766	102.2404609
-0.02231673741	70	1	60	26.540115	-1.1381592	-0.02231673741	-0.0001%	-0.00006271868321	100.6237377
-0.02206717474	50	1	75	27.052698	-1.1510309	-0.02206717474	-0.0001%	-0.00006201731536	98.97549186
-0.02456942328	100	5	60	23.464613	-1.0338053	-0.02456942328	-0.0001%	-0.00006904960374	109.8511162
-0.02426727634	80	5	75	23.977196	-1.046677	-0.02426727634	-0.0001%	-0.00006820045373	108.3920443
-0.02397246602	60	5	90	24.48978	-1.0595489	-0.02397246602	-0.0001%	-0.00006737192244	106.9014405
-0.02182312819	30	1	90	27.56528	-1.1639028	-0.02182312819	-0.0001%	-0.00006133144994	97.29572031
-0.02295600085	95	1	40	26.02753	-1.1064645	-0.02295600085	-0.0001%	-0.00006451526128	102.2404609
-0.0226920205	75	1	55	26.540115	-1.1193362	-0.0226920205	-0.0001%	-0.00006377337417	100.6237377
-0.02243403841	55	1	70	27.052698	-1.1322081	-0.02243403841	-0.0001%	-0.00006304834448	98.97549186
-0.02218185629	35	1	85	27.56528	-1.14508	-0.02218185629	-0.0001%	-0.00006233961497	97.29572031
-0.02471167603	85	5	70	23.977196	-1.0278542	-0.02471167603	-0.0001%	-0.00006944938914	108.3920443
-0.02440603494	65	5	85	24.48978	-1.0407262	-0.02440603494	-0.0001%	-0.00006859041918	106.9014405
-0.02335327893	100	1	35	26.02753	-1.0876417	-0.02335327893	-0.0001%	-0.0000656317667	102.2404609
-0.02410786886	45	5	100	25.002363	-1.0535979	-0.02410786886	-0.0001%	-0.0000677524569	105.3793107
-0.02308013277	80	1	50	26.540115	-1.1005136	-0.02308013277	-0.0001%	-0.00006486412009	100.6237377
-0.02193528263	15	1	100	28.077866	-1.1579518	-0.02193528263	-0.0001%	-0.00006164664739	95.58440645
-0.02281330641	60	1	65	27.052698	-1.1133853	-0.02281330641	-0.0001%	-0.00006411423459	98.97549186
-0.02255257502	40	1	80	27.56528	-1.1262572	-0.02255257502	-0.0001%	-0.00006338147832	97.29572031
-0.02517265318	90	5	65	23.977196	-1.0090315	-0.02517265318	-0.0001%	-0.00007074491362	108.3920443
-0.02485558076	70	5	80	24.48978	-1.0219033	-0.02485558076	-0.0001%	-0.0000698538172	106.9014405
-0.0245463966	50	5	95	25.002363	-1.0347751	-0.0245463966	-0.0001%	-0.00006898488987	105.3793107
-0.02229773997	20	1	95	28.077866	-1.1391289	-0.02229773997	-0.0001%	-0.00006266529302	95.58440645
-0.02348175869	85	1	45	26.540115	-1.0816907	-0.02348175869	-0.0001%	-0.00006599284464	100.6237377
-0.02320561656	65	1	60	27.052698	-1.0945626	-0.02320561656	-0.0001%	-0.0000652167782	98.97549186
-0.0229358958	45	1	75	27.56528	-1.1074344	-0.0229358958	-0.0001%	-0.00006445875829	97.29572031
-0.02565115689	95	5	60	23.977196	-0.99020875	-0.02565115689	-0.0001%	-0.00007208969453	108.3920443
-0.02532199559	75	5	75	24.48978	-1.0030805	-0.02532199559	-0.0001%	-0.00007116462369	106.9014405
-0.02267237499	25	1	90	28.077866	-1.1203061	-0.02267237499	-0.0001%	-0.00006371816266	95.58440645
-0.02500117378	55	5	90	25.002363	-1.0159523	-0.02500117378	-0.0001%	-0.00007026299001	105.3793107
-0.02389760535	90	1	40	26.540115	-1.062868	-0.02389760535	-0.0001%	-0.00006716153493	100.6237377
-0.02361165996	70	1	55	27.052698	-1.0757397	-0.02361165996	-0.0001%	-0.00006635791754	98.97549186
-0.0233324723	50	1	70	27.56528	-1.0886116	-0.0233324723	-0.0001%	-0.00006557329199	97.29572031
-0.02614820581	100	5	55	23.977196	-0.97138596	-0.02614820581	-0.0001%	-0.00007348659467	108.3920443
-0.02305980979	30	1	85	28.077866	-1.1014835	-0.02305980979	-0.0001%	-0.00006480700465	95.58440645
-0.02580624973	80	5	70	24.48978	-0.9842577	-0.02580624973	-0.0001%	-0.00007252556552	106.9014405
-0.02547311906	60	5	85	25.002363	-0.99712956	-0.02547311906	-0.0001%	-0.00007158933921	105.3793107
-0.02432845095	95	1	35	26.540115	-1.0440451	-0.02432845095	-0.0001%	-0.00006837237808	100.6237377
-0.02514848248	40	5	100	25.514946	-1.0100013	-0.02514848248	-0.0001%	-0.00007067698458	103.8256518
-0.02403216147	75	1	50	27.052698	-1.056917	-0.02403216147	-0.0001%	-0.00006753968979	98.97549186
-0.02279345042	10	1	100	28.590448	-1.1143552	-0.02279345042	-0.0001%	-0.00006405843156	93.84157699
-0.02374300423	55	1	65	27.56528	-1.0697888	-0.02374300423	-0.0001%	-0.00006672704585	97.29572031
-0.02346072259	35	1	80	28.077866	-1.0826606	-0.02346072259	-0.0001%	-0.00006593372504	95.58440645
-0.02630938658	85	5	65	24.48978	-0.9654349	-0.02630938658	-0.0001%	-0.00007393957512	106.9014405
-0.02477511221	100	1	30	26.540115	-1.0252224	-0.02477511221	-0.0001%	-0.00006962766938	100.6237377
-0.02596322544	65	5	80	25.002363	-0.9783068	-0.02596322544	-0.0001%	-0.00007296672814	105.3793107
-0.02562606029	45	5	95	25.514946	-0.9911785	-0.02562606029	-0.0001%	-0.00007201916336	103.8256518
-0.02318507422	15	1	95	28.590448	-1.0955324	-0.02318507422	-0.0001%	-0.00006515904624	93.84157699
-0.02446791438	80	1	45	27.052698	-1.0380942	-0.02446791438	-0.0001%	-0.00006876432438	98.97549186
-0.02416824141	60	1	60	27.56528	-1.050966	-0.02416824141	-0.0001%	-0.00006792212718	97.29572031
-0.02387582017	40	1	75	28.077866	-1.0638378	-0.02387582017	-0.0001%	-0.00006710031013	95.58440645
-0.02683253257	90	5	60	24.48978	-0.9466121	-0.02683253257	-0.0001%	-0.00007540981814	106.9014405
-0.02647256234	70	5	75	25.002363	-0.959484	-0.02647256234	-0.0001%	-0.00007439816225	105.3793107
-0.02359039058	20	1	90	28.590448	-1.0767096	-0.02359039058	-0.0001%	-0.00006629814233	93.84157699
-0.02612212794	50	5	90	25.514946	-0.9723557	-0.02612212794	-0.0001%	-0.00007341330576	103.8256518
-0.02491976131	85	1	40	27.052698	-1.0192714	-0.02491976131	-0.0001%	-0.00007003418943	98.97549186
-0.02460898837	65	1	55	27.56528	-1.0321432	-0.02460898837	-0.0001%	-0.00006916079698	97.29572031
-0.02430587121	45	1	70	28.077866	-1.045015	-0.02430587121	-0.0001%	-0.00006830892026	95.58440645
-0.02401012585	25	1	85	28.590448	-1.057887	-0.02401012585	-0.0001%	-0.00006747776115	93.84157699
-0.02737690463	95	5	55	24.48978	-0.92778933	-0.02737690463	-0.0001%	-0.00007693971465	106.9014405
-0.02700228595	75	5	70	25.002363	-0.9406611	-0.02700228595	-0.0001%	-0.00007588689094	105.3793107
-0.02538861067	90	1	35	27.052698	-1.0004486	-0.02538861067	-0.0001%	-0.00007135183788	98.97549186
-0.02663777622	55	5	85	25.514946	-0.95353305	-0.02663777622	-0.0001%	-0.0000748624773	103.8256518
-0.02628298204	35	5	100	26.02753	-0.9664048	-0.02628298204	-0.0001%	-0.00007386536813	102.2404609
-0.0250661094	70	1	50	27.56528	-1.0133204	-0.0250661094	-0.0001%	-0.00007044548428	97.29572031
-0.02372149766	5	1	100	29.103031	-1.0707587	-0.02372149766	-0.0001%	-0.00006666660407	92.0672152
-0.02475169615	50	1	65	28.077866	-1.0261923	-0.02475169615	-0.0001%	-0.00006956186117	95.58440645
-0.02444507749	30	1	80	28.590448	-1.039064	-0.02444507749	-0.0001%	-0.00006870014389	93.84157699
-0.02794382288	100	5	50	24.48978	-0.90896654	-0.02794382288	-0.0001%	-0.00007853297472	106.9014405
-0.02587544052	95	1	30	27.052698	-0.9816258	-0.02587544052	-0.0001%	-0.00007272001847	98.97549186
-0.0275536363	80	5	65	25.002363	-0.9218384	-0.0275536363	-0.0001%	-0.00007743639917	105.3793107
-0.02717419969	60	5	80	25.514946	-0.93471014	-0.02717419969	-0.0001%	-0.00007637003522	103.8256518
-0.02680507089	40	5	95	26.02753	-0.9475819	-0.02680507089	-0.0001%	-0.00007533264018	102.2404609
-0.02414596024	10	1	95	29.103031	-1.0519358	-0.02414596024	-0.0001%	-0.00006785950845	92.0672152
-0.02554053269	75	1	45	27.56528	-0.99449766	-0.02554053269	-0.0001%	-0.00007177879766	97.29572031
-0.02521418657	55	1	60	28.077866	-1.0073694	-0.02521418657	-0.0001%	-0.00007086163855	95.58440645
-0.02489607115	35	1	75	28.590448	-1.0202413	-0.02489607115	-0.0001%	-0.00006996761091	93.84157699
-0.02638130542	100	1	25	27.052698	-0.962803	-0.02638130542	-0.0001%	-0.00007414169494	98.97549186
-0.02812797475	85	5	60	25.002363	-0.9030156	-0.02812797475	-0.0001%	-0.00007905051287	105.3793107
-0.02458588513	15	1	90	29.103031	-1.0331131	-0.02458588513	-0.0001%	-0.00006909586793	92.0672152
-0.02773266791	65	5	75	25.514946	-0.91588736	-0.02773266791	-0.0001%	-0.0000779395474	103.8256518
-0.0273483159	45	5	90	26.02753	-0.9287592	-0.0273483159	-0.0001%	-0.00007685936926	102.2404609
-0.0260332657	80	1	40	27.56528	-0.97567475	-0.0260332657	-0.0001%	-0.0000731635684	97.29572031
-0.02569428435	60	1	55	28.077866	-0.9885467	-0.02569428435	-0.0001%	-0.0000722108994	95.58440645
-0.02536402114	40	1	70	28.590448	-1.0014185	-0.02536402114	-0.0001%	-0.00007128273176	93.84157699
-0.0250421403	20	1	85	29.103031	-1.0142903	-0.0250421403	-0.0001%	-0.00007037812184	92.0672152
-0.02872676638	90	5	55	25.002363	-0.8841928	-0.02872676638	-0.0001%	-0.00008073334946	105.3793107
-0.02831457272	70	5	70	25.514946	-0.89706457	-0.02831457272	-0.0001%	-0.00007957492548	103.8256518
-0.02654537728	85	1	35	27.56528	-0.9568521	-0.02654537728	-0.0001%	-0.00007460280049	97.29572031
-0.02791403423	50	5	85	26.02753	-0.90993655	-0.02791403423	-0.0001%	-0.00007844925705	102.2404609
-0.02752467658	30	5	100	26.540115	-0.9228083	-0.02752467658	-0.0001%	-0.00007735501112	100.6237377
-0.02619302527	65	1	50	28.077866	-0.9697238	-0.02619302527	-0.0001%	-0.00007361255474	95.58440645
-0.0258498994	45	1	65	28.590448	-0.9825957	-0.0258498994	-0.0001%	-0.00007264823804	93.84157699
-0.02551564866	25	1	80	29.103031	-0.99546754	-0.02551564866	-0.0001%	-0.00007170886387	92.0672152
-0.02707804543	90	1	30	27.56528	-0.9380293	-0.02707804543	-0.0001%	-0.00007609980446	97.29572031
-0.02935160547	95	5	50	25.002363	-0.86537004	-0.02935160547	-0.0001%	-0.00008248938952	105.3793107
-0.02892142005	75	5	65	25.514946	-0.8782418	-0.02892142005	-0.0001%	-0.00008128040172	103.8256518
-0.02850365976	55	5	80	26.02753	-0.89111364	-0.02850365976	-0.0001%	-0.00008010633336	102.2404609
-0.02518993359	5	1	95	29.615616	-1.0083393	-0.02518993359	-0.0001%	-0.00007079347826	90.26131734
-0.02809779892	35	5	95	26.540115	-0.9039854	-0.02809779892	-0.0001%	-0.00007896570709	100.6237377
-0.02671150413	70	1	45	28.077866	-0.95090115	-0.02671150413	-0.0001%	-0.00007506968133	95.58440645
-0.0263547564	50	1	60	28.590448	-0.9637729	-0.0263547564	-0.0001%	-0.00007406708189	93.84157699
-0.02600741248	30	1	75	29.103031	-0.97664464	-0.02600741248	-0.0001%	-0.00007309091085	92.0672152
-0.02763252871	95	1	25	27.56528	-0.9192065	-0.02763252871	-0.0001%	-0.00007765811742	97.29572031
-0.02566910203	10	1	90	29.615616	-0.9895165	-0.02566910203	-0.0001%	-0.00007214012733	90.26131734
-0.02955485043	80	5	60	25.514946	-0.859419	-0.02955485043	-0.0001%	-0.00008306058664	103.8256518
-0.0300042319	100	5	45	25.002363	-0.84654725	-0.0300042319	-0.0001%	-0.00008432352277	105.3793107
-0.029118728	60	5	75	26.02753	-0.87229085	-0.029118728	-0.0001%	-0.00008183491356	102.2404609
-0.02725093121	75	1	40	28.077866	-0.93207824	-0.02725093121	-0.0001%	-0.00007658568052	95.58440645
-0.02869528958	40	5	90	26.540115	-0.8851627	-0.02869528958	-0.0001%	-0.00008064488744	100.6237377
-0.02687972624	55	1	55	28.590448	-0.9449501	-0.02687972624	-0.0001%	-0.00007554245066	93.84157699
-0.026518498	35	1	70	29.103031	-0.95782197	-0.026518498	-0.0001%	-0.00007452725929	92.0672152
-0.02616685097	15	1	85	29.615616	-0.9706938	-0.02616685097	-0.0001%	-0.0000735389948	90.26131734
-0.02821019528	100	1	20	27.56528	-0.9003837	-0.02821019528	-0.0001%	-0.00007928158441	97.29572031
-0.02781259066	80	1	35	28.077866	-0.91325545	-0.02781259066	-0.0001%	-0.00007816416131	95.58440645
-0.03021664861	85	5	55	25.514946	-0.8405962	-0.03021664861	-0.0001%	-0.00008492049608	103.8256518
-0.02976092626	65	5	70	26.02753	-0.85346806	-0.02976092626	-0.0001%	-0.00008363973962	102.2404609
-0.0293187466	45	5	85	26.540115	-0.8663399	-0.0293187466	-0.0001%	-0.00008239704337	100.6237377
-0.02888951677	25	5	100	27.052698	-0.87921166	-0.02888951677	-0.0001%	-0.00008119074116	98.97549186
-0.02742603528	60	1	50	28.590448	-0.9261273	-0.02742603528	-0.0001%	-0.00007707779083	93.84157699
-0.02705007629	40	1	65	29.103031	-0.9389992	-0.02705007629	-0.0001%	-0.00007602120035	92.0672152
-0.02668429091	20	1	80	29.615616	-0.9518709	-0.02668429091	-0.0001%	-0.00007499320161	90.26131734
-0.02839788967	85	1	30	28.077866	-0.89443266	-0.02839788967	-0.0001%	-0.00007980907843	95.58440645
-0.03043208894	70	5	65	26.02753	-0.8346453	-0.03043208894	-0.0001%	-0.00008552596691	102.2404609
-0.0309087639	90	5	50	25.514946	-0.8217734	-0.0309087639	-0.0001%	-0.00008686560834	103.8256518
-0.02996989677	50	5	80	26.540115	-0.8475171	-0.02996989677	-0.0001%	-0.00008422702776	100.6237377
-0.02952153381	30	5	95	27.052698	-0.8603889	-0.02952153381	-0.0001%	-0.00008296695403	98.97549186
-0.0279950116	65	1	45	28.590448	-0.9073045	-0.0279950116	-0.0001%	-0.00007867683486	93.84157699
-0.027603403	45	1	60	29.103031	-0.9201764	-0.027603403	-0.0001%	-0.00007757626289	92.0672152
-0.02722260514	25	1	75	29.615616	-0.9330481	-0.02722260514	-0.0001%	-0.00007650607328	90.26131734
-0.02900835178	90	1	25	28.077866	-0.8756099	-0.02900835178	-0.0001%	-0.00008152471359	95.58440645
-0.02685216509	5	1	90	30.1282	-0.94592	-0.02685216509	-0.0001%	-0.00007546499314	88.42389389
-0.03113422344	75	5	60	26.02753	-0.8158225	-0.03113422344	-0.0001%	-0.00008749923704	102.2404609
-0.03065063084	55	5	75	26.540115	-0.8286942	-0.03065063084	-0.0001%	-0.00008614015437	100.6237377
-0.02858809456	70	1	40	28.590448	-0.88848174	-0.02858809456	-0.0001%	-0.00008034362789	93.84157699
-0.03163332838	95	5	45	25.514946	-0.8029506	-0.03163332838	-0.0001%	-0.0000889019154	103.8256518
-0.0301818241	35	5	90	27.052698	-0.8415661	-0.0301818241	-0.0001%	-0.00008482262571	98.97549186
-0.02817983974	50	1	55	29.103031	-0.9013536	-0.02817983974	-0.0001%	-0.00007919627359	92.0672152
-0.02778308464	30	1	70	29.615616	-0.91422534	-0.02778308464	-0.0001%	-0.00007808123795	90.26131734
-0.02739734302	10	1	85	30.1282	-0.9270972	-0.02739734302	-0.0001%	-0.00007699715446	88.42389389
-0.02964563776	95	1	20	28.077866	-0.8567871	-0.02964563776	-0.0001%	-0.00008331573422	95.58440645
-0.0292068534	75	1	35	28.590448	-0.8696589	-0.0292068534	-0.0001%	-0.00008208258009	93.84157699
-0.0313630025	60	5	70	26.540115	-0.80987144	-0.0313630025	-0.0001%	-0.0000881421949	100.6237377
-0.03186952266	80	5	55	26.02753	-0.7969997	-0.03186952266	-0.0001%	-0.0000895657129	102.2404609
-0.03087232451	40	5	85	27.052698	-0.82274336	-0.03087232451	-0.0001%	-0.00008676319954	98.97549186
-0.03239267761	100	5	40	25.514946	-0.78412783	-0.03239267761	-0.0001%	-0.0000910359811	103.8256518
-0.03039676781	20	5	100	27.56528	-0.83561516	-0.03039676781	-0.0001%	-0.00008542670086	97.29572031
-0.02878086521	55	1	50	29.103031	-0.8825308	-0.02878086521	-0.0001%	-0.00008088538815	92.0672152
-0.0283671294	35	1	65	29.615616	-0.89540255	-0.0283671294	-0.0001%	-0.00007972263013	90.26131734
-0.02796511715	15	1	80	30.1282	-0.9082744	-0.02796511715	-0.0001%	-0.00007859281987	88.42389389
-0.03031155168	100	1	15	28.077866	-0.83796436	-0.03031155168	-0.0001%	-0.00008518721048	95.58440645
-0.02985298603	80	1	30	28.590448	-0.85083616	-0.02985298603	-0.0001%	-0.00008389846326	93.84157699
-0.03210927185	65	5	65	26.540115	-0.79104877	-0.03210927185	-0.0001%	-0.00009023950105	100.6237377
-0.03159516395	45	5	80	27.052698	-0.8039205	-0.03159516395	-0.0001%	-0.00008879465856	98.97549186
-0.03264039321	85	5	50	26.02753	-0.7781769	-0.03264039321	-0.0001%	-0.00009173215796	102.2404609
-0.02940808835	60	1	45	29.103031	-0.86370796	-0.02940808835	-0.0001%	-0.00008264812832	92.0672152
-0.03109725692	25	5	95	27.56528	-0.8167923	-0.03109725692	-0.0001%	-0.00008739534679	97.29572031
-0.02897625654	40	1	60	29.615616	-0.87657976	-0.02897625654	-0.0001%	-0.00008143451351	90.26131734
-0.02855692204	20	1	75	30.1282	-0.8894516	-0.02855692204	-0.0001%	-0.00008025602102	88.42389389
-0.03052835557	85	1	25	28.590448	-0.83201337	-0.03052835557	-0.0001%	-0.00008579651347	93.84157699
-0.03006325593	65	1	40	29.103031	-0.8448852	-0.03006325593	-0.0001%	-0.00008448940319	92.0672152
-0.03235266133	50	5	75	27.052698	-0.7850977	-0.03235266133	-0.0001%	-0.00009092351985	98.97549186
-0.03289192542	70	5	60	26.540115	-0.772226	-0.03289192542	-0.0001%	-0.00009243906099	100.6237377
-0.03183078654	30	5	90	27.56528	-0.7979696	-0.03183078654	-0.0001%	-0.00008945684937	97.29572031
-0.03344948029	90	5	45	26.02753	-0.7593541	-0.03344948029	-0.0001%	-0.0000940060063	102.2404609
-0.02961211625	45	1	55	29.615616	-0.857757	-0.02961211625	-0.0001%	-0.00008322152581	90.26131734
-0.02917431966	25	1	70	30.1282	-0.8706287	-0.02917431966	-0.0001%	-0.00008199114767	88.42389389
-0.02874926981	5	1	85	30.640781	-0.8835007	-0.02874926981	-0.0001%	-0.00008079659282	86.55495238
-0.03123498968	90	1	20	28.590448	-0.8131906	-0.03123498968	-0.0001%	-0.00008778242925	93.84157699
-0.03074828245	70	1	35	29.103031	-0.8260624	-0.03074828245	-0.0001%	-0.00008641459327	92.0672152
-0.03314737309	55	5	70	27.052698	-0.7662749	-0.03314737309	-0.0001%	-0.00009315696796	98.97549186
-0.03371369326	75	5	55	26.540115	-0.75340307	-0.03371369326	-0.0001%	-0.00009474854716	100.6237377
-0.03259976169	35	5	85	27.56528	-0.7791468	-0.03259976169	-0.0001%	-0.00009161796764	97.29572031
-0.03027651036	50	1	50	29.615616	-0.8389342	-0.03027651036	-0.0001%	-0.00008508873081	90.26131734
-0.03429969807	95	5	40	26.02753	-0.7405313	-0.03429969807	-0.0001%	-0.00009639544785	102.2404609
-0.03206995391	15	5	100	28.077866	-0.7920186	-0.03206995391	-0.0001%	-0.00009012900241	95.58440645
-0.02981899494	30	1	65	30.1282	-0.85180604	-0.02981899494	-0.0001%	-0.00008380293513	88.42389389
-0.02937510365	10	1	80	30.640781	-0.8646778	-0.02937510365	-0.0001%	-0.00008255542852	86.55495238
-0.03197511279	95	1	15	28.590448	-0.7943678	-0.03197511279	-0.0001%	-0.00008986246209	93.84157699
-0.0314652579	75	1	30	29.103031	-0.80723953	-0.0314652579	-0.0001%	-0.00008842957221	92.0672152
-0.03097140218	55	1	45	29.615616	-0.8201114	-0.03097140218	-0.0001%	-0.00008704164618	90.26131734
-0.03398210887	60	5	65	27.052698	-0.74745214	-0.03398210887	-0.0001%	-0.0000955028991	98.97549186
-0.03340681342	40	5	80	27.56528	-0.76032394	-0.03340681342	-0.0001%	-0.00009388609585	97.29572031
-0.03457756763	80	5	50	26.540115	-0.7345803	-0.03457756763	-0.0001%	-0.00009717636902	100.6237377
-0.03285067246	20	5	95	28.077866	-0.77319574	-0.03285067246	-0.0001%	-0.00009232312417	95.58440645
-0.03519426277	100	5	35	26.02753	-0.72170854	-0.03519426277	-0.0001%	-0.00009890952144	102.2404609
-0.03049280966	35	1	60	30.1282	-0.83298326	-0.03049280966	-0.0001%	-0.00008569661569	88.42389389
-0.03002878744	15	1	75	30.640781	-0.845855	-0.03002878744	-0.0001%	-0.00008439253337	86.55495238
-0.03275116209	100	1	10	28.590448	-0.775545	-0.03275116209	-0.0001%	-0.00009204346145	93.84157699
-0.03221646461	80	1	25	29.103031	-0.78841674	-0.03221646461	-0.0001%	-0.00009054075426	92.0672152
-0.03169894093	60	1	40	29.615616	-0.8012886	-0.03169894093	-0.0001%	-0.00008908631211	90.26131734
-0.03425483561	45	5	75	27.56528	-0.74150115	-0.03425483561	-0.0001%	-0.00009626936696	97.29572031
-0.03485997373	65	5	60	27.052698	-0.72862935	-0.03485997373	-0.0001%	-0.00009797003965	98.97549186
-0.0336703461	25	5	90	28.077866	-0.754373	-0.0336703461	-0.0001%	-0.00009462672486	95.58440645
-0.03548687929	85	5	45	26.540115	-0.7157575	-0.03548687929	-0.0001%	-0.00009973188728	100.6237377
-0.03119778095	40	1	55	30.1282	-0.81416047	-0.03119778095	-0.0001%	-0.00008767785829	88.42389389
-0.0307122262	20	1	70	30.640781	-0.8270322	-0.0307122262	-0.0001%	-0.00008631326121	86.55495238
-0.03300441746	85	1	20	29.103031	-0.76959395	-0.03300441746	-0.0001%	-0.00009275520722	92.0672152
-0.03246148266	65	1	35	29.615616	-0.7824658	-0.03246148266	-0.0001%	-0.00009122934997	90.26131734
-0.03193611971	45	1	50	30.1282	-0.7953377	-0.03193611971	-0.0001%	-0.00008975287643	88.42389389
-0.03514703277	50	5	70	27.56528	-0.72267836	-0.03514703277	-0.0001%	-0.00009877678683	97.29572031
-0.03453196879	30	5	85	28.077866	-0.7355503	-0.03453196879	-0.0001%	-0.00009704821861	95.58440645
-0.03578439737	70	5	55	27.052698	-0.70980656	-0.03578439737	-0.0001%	-0.0001005680284	98.97549186
-0.03393807237	10	5	100	28.590448	-0.748422	-0.03393807237	-0.0001%	-0.00009537913946	93.84157699
-0.03644530829	90	5	40	26.540115	-0.6969347	-0.03644530829	-0.0001%	-0.0001024254443	100.6237377
-0.03142749498	25	1	65	30.640781	-0.8082095	-0.03142749498	-0.0001%	-0.00008832344375	86.55495238
-0.0309348173	5	1	80	31.153366	-0.8210813	-0.0309348173	-0.0001%	-0.00008693882848	84.65446721
-0.03383187847	90	1	15	29.103031	-0.7507712	-0.03383187847	-0.0001%	-0.00009508069344	92.0672152
-0.0332616157	70	1	30	29.615616	-0.763643	-0.0332616157	-0.0001%	-0.00009347803399	90.26131734
-0.0327102545	50	1	45	30.1282	-0.7765149	-0.0327102545	-0.0001%	-0.00009192849527	88.42389389
-0.03543885723	35	5	80	28.077866	-0.7167274	-0.03543885723	-0.0001%	-0.00009959692668	95.58440645
-0.03608694584	55	5	65	27.56528	-0.70385563	-0.03608694584	-0.0001%	-0.0001014183069	97.29572031
-0.03481363466	15	5	95	28.590448	-0.7295992	-0.03481363466	-0.0001%	-0.00009783980891	93.84157699
-0.03675918307	75	5	50	27.052698	-0.6909838	-0.03675918307	-0.0001%	-0.0001033075541	98.97549186
-0.03217687858	30	1	60	30.640781	-0.7893867	-0.03217687858	-0.0001%	-0.00009042950218	86.55495238
-0.03745694479	95	5	35	26.540115	-0.6781119	-0.03745694479	-0.0001%	-0.000105268535	100.6237377
-0.03166061812	10	1	75	31.153366	-0.8022585	-0.03166061812	-0.0001%	-0.00008897861015	84.65446721
-0.03470189785	95	1	10	29.103031	-0.73194844	-0.03470189785	-0.0001%	-0.00009752578516	92.0672152
-0.0341021882	75	1	25	29.615616	-0.74482024	-0.0341021882	-0.0001%	-0.00009584036856	90.26131734
-0.03352285448	55	1	40	30.1282	-0.75769204	-0.03352285448	-0.0001%	-0.00009421221623	88.42389389
-0.0363946591	40	5	75	28.077866	-0.6979046	-0.0363946591	-0.0001%	-0.0001022831005	95.58440645
-0.03573556777	20	5	90	28.590448	-0.71077645	-0.03573556777	-0.0001%	-0.0001004307983	93.84157699
-0.03296287303	35	1	55	30.640781	-0.7705639	-0.03296287303	-0.0001%	-0.00009263845128	86.55495238
-0.03707851437	60	5	60	27.56528	-0.68503284	-0.03707851437	-0.0001%	-0.0001042049989	97.29572031
-0.03778856554	80	5	45	27.052698	-0.672161	-0.03778856554	-0.0001%	-0.0001062005179	98.97549186
-0.03852634019	100	5	30	26.540115	-0.6592892	-0.03852634019	-0.0001%	-0.0001082739507	100.6237377
-0.03242129756	15	1	70	31.153366	-0.78343564	-0.03242129756	-0.0001%	-0.00009111641425	84.65446721
-0.03561784659	100	1	5	29.103031	-0.71312565	-0.03561784659	-0.0001%	-0.0001000999562	92.0672152
-0.03498634878	80	1	20	29.615616	-0.72599745	-0.03498634878	-0.0001%	-0.00009832520253	90.26131734
-0.03437685355	60	1	35	30.1282	-0.73886925	-0.03437685355	-0.0001%	-0.00009661228466	88.42389389
-0.03378823067	40	1	50	30.640781	-0.75174105	-0.03378823067	-0.0001%	-0.00009495802618	86.55495238
-0.03670765833	25	5	85	28.590448	-0.6919537	-0.03670765833	-0.0001%	-0.0001031627496	93.84157699
-0.03740344683	45	5	70	28.077866	-0.6790818	-0.03740344683	-0.0001%	-0.000105118185	95.58440645
-0.03603728866	5	5	100	29.103031	-0.7048255	-0.03603728866	-0.0001%	-0.000101278751	92.0672152
-0.03812611296	65	5	55	27.56528	-0.66621006	-0.03812611296	-0.0001%	-0.000107149157	97.29572031
-0.03321942384	20	1	65	31.153366	-0.7646129	-0.03321942384	-0.0001%	-0.00009335945851	84.65446721
-0.03887726142	85	5	40	27.052698	-0.6533382	-0.03887726142	-0.0001%	-0.0001092601754	98.97549186
-0.03591757657	85	1	15	29.615616	-0.70717466	-0.03591757657	-0.0001%	-0.0001009423136	90.26131734
-0.03527549957	65	1	30	30.1282	-0.7200465	-0.03527549957	-0.0001%	-0.00009913782833	88.42389389
-0.03465597924	45	1	45	30.640781	-0.73291826	-0.03465597924	-0.0001%	-0.00009739673604	86.55495238
-0.03773411848	30	5	80	28.590448	-0.67313087	-0.03773411848	-0.0001%	-0.0001060475006	93.84157699
-0.03702609873	10	5	95	29.103031	-0.6860026	-0.03702609873	-0.0001%	-0.0001040576906	92.0672152
-0.03405784013	25	1	60	31.153366	-0.7457901	-0.03405784013	-0.0001%	-0.0000957157333	84.65446721
-0.03846974794	50	5	65	28.077866	-0.66025907	-0.03846974794	-0.0001%	-0.0001081149045	95.58440645
-0.03923462999	70	5	50	27.56528	-0.64738727	-0.03923462999	-0.0001%	-0.0001102645196	97.29572031
-0.0400305493	90	5	35	27.052698	-0.6345154	-0.0400305493	-0.0001%	-0.0001125013614	98.97549186
-0.03347999946	5	1	75	31.66595	-0.7586619	-0.03347999946	-0.0001%	-0.000094091777	82.72245664
-0.03689973269	90	1	10	29.615616	-0.68835187	-0.03689973269	-0.0001%	-0.000103702553	90.26131734
-0.03622239082	70	1	25	30.1282	-0.70122373	-0.03622239082	-0.0001%	-0.0001017989598	88.42389389
-0.03556947215	50	1	40	30.640781	-0.7140955	-0.03556947215	-0.0001%	-0.00009996400525	86.55495238
-0.03493967191	30	1	55	31.153366	-0.72696733	-0.03493967191	-0.0001%	-0.00009819402243	84.65446721
-0.03807069128	15	5	90	29.103031	-0.6671799	-0.03807069128	-0.0001%	-0.0001069934006	92.0672152
-0.03881963252	35	5	75	28.590448	-0.6543081	-0.03881963252	-0.0001%	-0.0001090982158	93.84157699
-0.03959863818	55	5	60	28.077866	-0.6414362	-0.03959863818	-0.0001%	-0.0001112875237	95.58440645
-0.03433178917	10	1	70	31.66595	-0.7398391	-0.03433178917	-0.0001%	-0.00009648563628	82.72245664
-0.04040954533	75	5	45	27.56528	-0.62856436	-0.04040954533	-0.0001%	-0.0001135664871	97.29572031
-0.04125435323	95	5	30	27.052698	-0.6156926	-0.04125435323	-0.0001%	-0.0001159407248	98.97549186
-0.03793711132	95	1	5	29.615616	-0.6695291	-0.03793711132	-0.0001%	-0.0001066179891	90.26131734
-0.03722152729	75	1	20	30.1282	-0.6824008	-0.03722152729	-0.0001%	-0.0001046069206	88.42389389
-0.03653242821	55	1	35	30.640781	-0.6952727	-0.03653242821	-0.0001%	-0.0001026702851	86.55495238
-0.03586838309	35	1	50	31.153366	-0.70814455	-0.03586838309	-0.0001%	-0.0001008040609	84.65446721
-0.03917593876	20	5	85	29.103031	-0.64835715	-0.03917593876	-0.0001%	-0.0001100995745	92.0672152
-0.03522804996	15	1	65	31.66595	-0.72101635	-0.03522804996	-0.0001%	-0.00009900447654	82.72245664
-0.03996945767	40	5	70	28.590448	-0.63548523	-0.03996945767	-0.0001%	-0.0001123296702	93.84157699
-0.04079577917	60	5	55	28.077866	-0.62261343	-0.04079577917	-0.0001%	-0.000114651954	95.58440645
-0.04165699249	80	5	40	27.56528	-0.60974157	-0.04165699249	-0.0001%	-0.0001170722972	97.29572031
-0.04255534457	100	5	25	27.052698	-0.5968698	-0.04255534457	-0.0001%	-0.0001195970148	98.97549186
-0.03827733314	80	1	15	30.1282	-0.6635781	-0.03827733314	-0.0001%	-0.0001075741443	88.42389389
-0.03754897443	60	1	30	30.640781	-0.6764499	-0.03754897443	-0.0001%	-0.000105527174	86.55495238
-0.036847814	40	1	45	31.153366	-0.68932176	-0.036847814	-0.0001%	-0.0001035566414	84.65446721
-0.0361723625	20	1	60	31.66595	-0.70219356	-0.0361723625	-0.0001%	-0.0001016583609	82.72245664
-0.03953885245	5	5	95	29.615616	-0.6424061	-0.03953885245	-0.0001%	-0.0001111195026	90.26131734
-0.04034728529	25	5	80	29.103031	-0.6295343	-0.04034728529	-0.0001%	-0.0001133915123	92.0672152
-0.0411894675	45	5	65	28.590448	-0.6166625	-0.0411894675	-0.0001%	-0.0001157583708	93.84157699
-0.0420675617	65	5	50	28.077866	-0.60379064	-0.0420675617	-0.0001%	-0.0001182261559	95.58440645
-0.04298390913	85	5	35	27.56528	-0.5909188	-0.04298390913	-0.0001%	-0.0001208014474	97.29572031
-0.03939479055	85	1	10	30.1282	-0.6447553	-0.03939479055	-0.0001%	-0.0001107146328	88.42389389
-0.03862371244	65	1	25	30.640781	-0.6576271	-0.03862371244	-0.0001%	-0.0001085476044	86.55495238
-0.03788223567	45	1	40	31.153366	-0.67049897	-0.03788223567	-0.0001%	-0.0001064637673	84.65446721
-0.03716869541	25	1	55	31.66595	-0.68337077	-0.03716869541	-0.0001%	-0.0001044584425	82.72245664
-0.04073232878	10	5	90	29.615616	-0.6235833	-0.04073232878	-0.0001%	-0.0001144736338	90.26131734
-0.03648153675	5	1	70	32.178535	-0.6962426	-0.03648153675	-0.0001%	-0.0001025272603	80.75891312
-0.04159083571	30	5	75	29.103031	-0.61071146	-0.04159083571	-0.0001%	-0.000116886371	92.0672152
-0.04248630528	50	5	60	28.590448	-0.5978397	-0.04248630528	-0.0001%	-0.0001194029876	93.84157699
-0.04342118973	70	5	45	28.077866	-0.58496785	-0.04342118973	-0.0001%	-0.0001220303754	95.58440645
-0.04439813909	90	5	30	27.56528	-0.57209605	-0.04439813909	-0.0001%	-0.0001247759818	97.29572031
-0.04057945545	90	1	5	30.1282	-0.6259325	-0.04057945545	-0.0001%	-0.0001140440004	88.42389389
-0.0397617862	70	1	20	30.640781	-0.6388043	-0.0397617862	-0.0001%	-0.0001117460329	86.55495238
-0.03897641191	50	1	35	31.153366	-0.6516762	-0.03897641191	-0.0001%	-0.0001095388267	84.65446721
-0.03822146782	30	1	50	31.66595	-0.664548	-0.03822146782	-0.0001%	-0.0001074171411	82.72245664
-0.03749521346	10	1	65	32.178535	-0.6774198	-0.03749521346	-0.0001%	-0.0001053760848	80.75891312
-0.04200009061	15	5	85	29.615616	-0.6047606	-0.04200009061	-0.0001%	-0.000118036536	90.26131734
-0.0429134756	35	5	70	29.103031	-0.59188867	-0.0429134756	-0.0001%	-0.0001206035019	92.0672152
-0.04386745879	55	5	55	28.590448	-0.5790169	-0.04386745879	-0.0001%	-0.0001232845644	93.84157699
-0.04486482669	75	5	40	28.077866	-0.56614506	-0.04486482669	-0.0001%	-0.0001260875549	95.58440645
-0.04590859858	95	5	25	27.56528	-0.55327326	-0.04590859858	-0.0001%	-0.0001290209585	97.29572031
-0.0409689644	75	1	15	30.640781	-0.6199815	-0.0409689644	-0.0001%	-0.0001151386716	86.55495238
-0.04013567755	55	1	30	31.153366	-0.6328534	-0.04013567755	-0.0001%	-0.0001127968125	84.65446721
-0.03933561831	35	1	45	31.66595	-0.6457252	-0.03933561831	-0.0001%	-0.0001105483359	82.72245664
-0.03856683222	15	1	60	32.178535	-0.658597	-0.03856683222	-0.0001%	-0.000108387749	80.75891312
-0.04334931558	20	5	80	29.615616	-0.58593774	-0.04334931558	-0.0001%	-0.0001218283811	90.26131734
-0.04432299711	40	5	65	29.103031	-0.57306594	-0.04432299711	-0.0001%	-0.0001245648037	92.0672152
-0.04534142477	60	5	50	28.590448	-0.56019413	-0.04534142477	-0.0001%	-0.0001274269802	93.84157699
-0.04640775645	80	5	35	28.077866	-0.5473223	-0.04640775645	-0.0001%	-0.0001304237856	95.58440645
-0.04225173537	80	1	10	30.640781	-0.60115874	-0.04225173537	-0.0001%	-0.0001187437553	86.55495238
-0.04752544904	100	5	20	27.56528	-0.5344505	-0.04752544904	-0.0001%	-0.000133564935	97.29572031
-0.04136601661	60	1	25	31.153366	-0.6140306	-0.04136601661	-0.0001%	-0.0001162545422	84.65446721
-0.04051667761	40	1	40	31.66595	-0.62690234	-0.04051667761	-0.0001%	-0.0001138675704	82.72245664
-0.03970150719	20	1	55	32.178535	-0.6397742	-0.03970150719	-0.0001%	-0.0001115766255	80.75891312
-0.04379410014	5	5	90	30.1282	-0.5799868	-0.04379410014	-0.0001%	-0.0001230783982	88.42389389
-0.04478809807	25	5	75	29.615616	-0.56711495	-0.04478809807	-0.0001%	-0.0001258719177	90.26131734
-0.04582826148	45	5	60	29.103031	-0.55424315	-0.04582826148	-0.0001%	-0.0001287951801	92.0672152
-0.04691788732	65	5	45	28.590448	-0.54137135	-0.04691788732	-0.0001%	-0.0001318574511	93.84157699
-0.04806059419	85	5	30	28.077866	-0.5284995	-0.04806059419	-0.0001%	-0.0001350689004	95.58440645
-0.04361743423	85	1	5	30.640781	-0.58233595	-0.04361743423	-0.0001%	-0.0001225818985	86.55495238
-0.04267417194	65	1	20	31.153366	-0.5952078	-0.04267417194	-0.0001%	-0.0001199309658	84.65446721
-0.04177085054	45	1	35	31.66595	-0.60807955	-0.04177085054	-0.0001%	-0.0001173922825	82.72245664
-0.0409049726	25	1	50	32.178535	-0.6209514	-0.0409049726	-0.0001%	-0.0001149588298	80.75891312
-0.04007426044	5	1	65	32.691116	-0.6338233	-0.04007426044	-0.0001%	-0.0001126242066	78.76385608
-0.04526306035	10	5	85	30.1282	-0.561164	-0.04526306035	-0.0001%	-0.0001272067458	88.42389389
-0.04632566696	30	5	70	29.615616	-0.54829216	-0.04632566696	-0.0001%	-0.0001301930823	90.26131734
-0.04743936148	50	5	55	29.103031	-0.53542036	-0.04743936148	-0.0001%	-0.0001333229956	92.0672152
-0.04860792268	70	5	40	28.590448	-0.52254856	-0.04860792268	-0.0001%	-0.0001366071056	93.84157699
-0.0440677672	70	1	15	31.153366	-0.576385	-0.0440677672	-0.0001%	-0.0001238475087	84.65446721
-0.04310514533	50	1	30	31.66595	-0.5892568	-0.04310514533	-0.0001%	-0.0001211421681	82.72245664
-0.04983551338	90	5	25	28.077866	-0.5096767	-0.04983551338	-0.0001%	-0.0001400571113	95.58440645
-0.0421836797	30	1	45	32.178535	-0.6021286	-0.0421836797	-0.0001%	-0.0001185524925	80.75891312
-0.04130077943	10	1	60	32.691116	-0.6150005	-0.04130077943	-0.0001%	-0.0001160712004	78.76385608
-0.04683398569	15	5	80	30.1282	-0.5423412	-0.04683398569	-0.0001%	-0.000131621655	88.42389389
-0.04797255517	35	5	65	29.615616	-0.5294694	-0.04797255517	-0.0001%	-0.0001348214766	90.26131734
-0.04916787247	55	5	50	29.103031	-0.5165975	-0.04916787247	-0.0002%	-0.0001381807816	92.0672152
-0.05042427361	75	5	35	28.590448	-0.50372565	-0.05042427361	-0.0002%	-0.0001417117558	93.84157699
-0.04555545552	75	1	10	31.153366	-0.5575622	-0.04555545552	-0.0002%	-0.0001280284896	84.65446721
-0.04452750011	55	1	25	31.66595	-0.570434	-0.04452750011	-0.0002%	-0.0001251395364	82.72245664
-0.04354490948	35	1	40	32.178535	-0.58330584	-0.04354490948	-0.0002%	-0.0001223780758	80.75891312
-0.04260475116	15	1	55	32.691116	-0.59617764	-0.04260475116	-0.0002%	-0.0001197358665	78.76385608
-0.0517465584	95	5	20	28.077866	-0.4908539	-0.0517465584	-0.0002%	-0.0001454278886	95.58440645
-0.04851787444	20	5	75	30.1282	-0.5235184	-0.04851787444	-0.0002%	-0.0001363540351	88.42389389
-0.04974085796	40	5	60	29.615616	-0.5106466	-0.04974085796	-0.0002%	-0.0001397910929	90.26131734
-0.05102709917	60	5	45	29.103031	-0.49777472	-0.05102709917	-0.0002%	-0.0001434059293	92.0672152
-0.04604692581	60	1	20	31.66595	-0.5516112	-0.04604692581	-0.0002%	-0.0001294097116	82.72245664
-0.04714709932	80	1	5	31.153366	-0.5387394	-0.04714709932	-0.0002%	-0.0001325016257	84.65446721
-0.04499692241	40	1	35	32.178535	-0.56448305	-0.04499692241	-0.0002%	-0.000126458795	80.75891312
-0.05238161898	80	5	30	28.590448	-0.48490292	-0.05238161898	-0.0002%	-0.0001472126551	93.84157699
-0.04399374146	20	1	50	32.691116	-0.57735485	-0.04399374146	-0.0002%	-0.0001236394677	78.76385608
-0.05381001151	100	5	15	28.077866	-0.47203112	-0.05381001151	-0.0002%	-0.0001512269918	95.58440645
-0.04907572442	5	5	85	30.640781	-0.5175675	-0.04907572442	-0.0002%	-0.0001379218098	86.55495238
-0.05032736564	25	5	70	30.1282	-0.5046956	-0.05032736564	-0.0002%	-0.0001414394069	88.42389389
-0.05164451171	45	5	55	29.615616	-0.4918238	-0.05164451171	-0.0002%	-0.0001451410979	90.26131734
-0.05303246194	65	5	40	29.103031	-0.47895193	-0.05303246194	-0.0002%	-0.0001490417761	92.0672152
-0.04767370525	65	1	15	31.66595	-0.53278846	-0.04767370525	-0.0002%	-0.0001339815925	82.72245664
-0.04654911098	45	1	30	32.178535	-0.54566026	-0.04654911098	-0.0002%	-0.0001308210466	80.75891312
-0.04547635099	25	1	45	32.691116	-0.55853206	-0.04547635099	-0.0002%	-0.0001278061752	78.76385608
-0.04445191921	5	1	60	33.2037	-0.5714039	-0.04445191921	-0.0002%	-0.0001249271248	76.73725838
-0.05449706685	85	5	25	28.590448	-0.46608013	-0.05449706685	-0.0002%	-0.0001531578836	93.84157699
-0.0509278697	10	5	80	30.640781	-0.4987446	-0.0509278697	-0.0002%	-0.000143127056	86.55495238
-0.05227705042	30	5	65	30.1282	-0.48587286	-0.05227705042	-0.0002%	-0.0001469187769	88.42389389
-0.05369967505	50	5	50	29.615616	-0.473001	-0.05369967505	-0.0002%	-0.0001509169036	90.26131734
-0.04821221239	50	1	25	32.178535	-0.52683747	-0.04821221239	-0.0002%	-0.0001354950063	80.75891312
-0.04941964314	70	1	10	31.66595	-0.51396567	-0.04941964314	-0.0002%	-0.0001388883548	82.72245664
-0.0470623749	30	1	40	32.691116	-0.53970927	-0.0470623749	-0.0002%	-0.0001322635172	78.76385608
-0.04596610344	10	1	55	33.2037	-0.5525811	-0.04596610344	-0.0002%	-0.0001291825694	76.73725838
-0.05520189397	70	5	35	29.103031	-0.46012914	-0.05520189397	-0.0002%	-0.0001551387211	92.0672152
-0.05679057162	90	5	20	28.590448	-0.44725734	-0.05679057162	-0.0002%	-0.0001596035211	93.84157699
-0.05292528687	15	5	75	30.640781	-0.47992182	-0.05292528687	-0.0002%	-0.0001487405726	86.55495238
-0.05438388962	35	5	60	30.1282	-0.46705008	-0.05438388962	-0.0002%	-0.0001528398118	88.42389389
-0.04876302227	35	1	35	32.691116	-0.5208865	-0.04876302227	-0.0002%	-0.0001370429956	78.76385608
-0.04999855319	55	1	20	32.178535	-0.5080147	-0.04999855319	-0.0002%	-0.0001405153164	80.75891312
-0.05592518531	55	5	45	29.615616	-0.4541782	-0.05592518531	-0.0002%	-0.0001571714501	90.26131734
-0.05129833045	75	1	5	31.66595	-0.49514282	-0.05129833045	-0.0002%	-0.0001441681944	82.72245664
-0.04758708202	15	1	50	33.2037	-0.5337583	-0.04758708202	-0.0002%	-0.0001337381476	76.73725838
-0.05755638912	75	5	30	29.103031	-0.44130635	-0.05755638912	-0.0002%	-0.0001617557652	92.0672152
-0.0592856015	95	5	15	28.590448	-0.42843455	-0.0592856015	-0.0002%	-0.0001666155223	93.84157699
-0.0550857806	20	5	70	30.640781	-0.46109903	-0.0550857806	-0.0002%	-0.0001548123975	86.55495238
-0.05666768616	40	5	55	30.1282	-0.44822723	-0.05666768616	-0.0002%	-0.0001592581654	88.42389389
-0.05059118992	40	1	30	32.691116	-0.5020637	-0.05059118992	-0.0002%	-0.0001421808554	78.76385608
-0.04932656614	20	1	45	33.2037	-0.5149355	-0.04932656614	-0.0002%	-0.0001386267723	76.73725838
-0.05192236421	60	1	15	32.178535	-0.4891919	-0.05192236421	-0.0002%	-0.0001459219711	80.75891312
-0.0583431349	60	5	40	29.615616	-0.43535542	-0.0583431349	-0.0002%	-0.0001639668258	90.26131734
-0.06012068257	80	5	25	29.103031	-0.42248356	-0.06012068257	-0.0002%	-0.0001689624238	92.0672152
-0.05580601127	5	5	80	31.153366	-0.4551481	-0.05580601127	-0.0002%	-0.0001568365249	84.65446721
-0.06200993839	100	5	10	28.590448	-0.40961176	-0.06200993839	-0.0002%	-0.000174271965	93.84157699
-0.057430163	25	5	65	30.640781	-0.4422763	-0.057430163	-0.0002%	-0.0001614010208	86.55495238
-0.05119804432	25	1	40	33.2037	-0.4961127	-0.05119804432	-0.0002%	-0.0001438863514	76.73725838
-0.05256177612	45	1	25	32.691116	-0.4832409	-0.05256177612	-0.0002%	-0.0001477189665	78.76385608
-0.04990328096	5	1	55	33.716286	-0.50898457	-0.04990328096	-0.0002%	-0.0001402475645	74.6791235
-0.05400014584	65	1	10	32.178535	-0.4703691	-0.05400014584	-0.0002%	-0.000151761343	80.75891312
-0.05915169391	45	5	50	30.1282	-0.42940444	-0.05915169391	-0.0002%	-0.0001662391901	88.42389389
-0.06097961495	65	5	35	29.615616	-0.41653264	-0.06097961495	-0.0002%	-0.0001713763567	90.26131734
-0.06292412314	85	5	20	29.103031	-0.40366077	-0.06292412314	-0.0002%	-0.0001768411786	92.0672152
-0.0582134543	10	5	75	31.153366	-0.43632525	-0.0582134543	-0.0002%	-0.000163602373	84.65446721
-0.05998298042	30	5	60	30.640781	-0.42345345	-0.05998298042	-0.0002%	-0.0001685754274	86.55495238
-0.05321713059	30	1	35	33.2037	-0.47728992	-0.05321713059	-0.0002%	-0.0001495607666	76.73725838
-0.05181962576	10	1	50	33.716286	-0.49016178	-0.05181962576	-0.0002%	-0.0001456332363	74.6791235
-0.05469209749	50	1	20	32.691116	-0.4644181	-0.05469209749	-0.0002%	-0.0001537059953	78.76385608
-0.05625115298	70	1	5	32.178535	-0.4515463	-0.05625115298	-0.0002%	-0.0001580875456	80.75891312
-0.06186345639	50	5	45	30.1282	-0.41058165	-0.06186345639	-0.0002%	-0.0001738602938	88.42389389
-0.06386565482	70	5	30	29.615616	-0.39770985	-0.06386565482	-0.0002%	-0.0001794872476	90.26131734
-0.06600179987	90	5	15	29.103031	-0.38483799	-0.06600179987	-0.0002%	-0.0001854906432	92.0672152
-0.06083796488	15	5	70	31.153366	-0.41750246	-0.06083796488	-0.0002%	-0.0001709782652	84.65446721
-0.0538890348	15	1	45	33.716286	-0.47133893	-0.0538890348	-0.0002%	-0.0001514490779	74.6791235
-0.05540200886	35	1	30	33.2037	-0.45846713	-0.05540200886	-0.0002%	-0.0001557011215	76.73725838
-0.05700239401	55	1	15	32.691116	-0.44559532	-0.05700239401	-0.0002%	-0.0001601988241	78.76385608
-0.06277329553	35	5	55	30.640781	-0.40463066	-0.06277329553	-0.0002%	-0.0001764172945	86.55495238
-0.06483581224	55	5	40	30.1282	-0.3917588	-0.06483581224	-0.0002%	-0.000182213766	88.42389389
-0.06703845738	75	5	25	29.615616	-0.378887	-0.06703845738	-0.0002%	-0.0001884040527	90.26131734
-0.05613059459	20	1	40	33.716286	-0.45251614	-0.05613059459	-0.0002%	-0.0001577487298	74.6791235
-0.06371028695	20	5	65	31.153366	-0.39867973	-0.06371028695	-0.0002%	-0.0001790506036	84.65446721
-0.05777397248	40	1	25	33.2037	-0.43964434	-0.05777397248	-0.0002%	-0.0001623672587	76.73725838
-0.06939602508	95	5	10	29.103031	-0.3660152	-0.06939602508	-0.0002%	-0.0001950297319	92.0672152
-0.05951648294	60	1	10	32.691116	-0.42677253	-0.05951648294	-0.0002%	-0.0001672643886	78.76385608
-0.06583587836	40	5	50	30.640781	-0.38580787	-0.06583587836	-0.0002%	-0.0001850243395	86.55495238
-0.06810820087	60	5	35	30.1282	-0.372936	-0.06810820087	-0.0002%	-0.0001914104466	88.42389389
-0.07054297539	80	5	20	29.615616	-0.3600642	-0.07054297539	-0.0002%	-0.0001982531068	90.26131734
-0.06467569088	5	5	75	31.66595	-0.3927287	-0.06467569088	-0.0002%	-0.0001817637629	82.72245664
-0.05687859242	5	1	50	34.228867	-0.4465652	-0.05687859242	-0.0002%	-0.0001598508937	72.58947983
-0.05856672693	25	1	35	33.716286	-0.43369335	-0.05856672693	-0.0002%	-0.0001645952061	74.6791235
-0.06035812567	45	1	20	33.2037	-0.42082155	-0.06035812567	-0.0002%	-0.000169629731	76.73725838
-0.06686727903	25	5	60	31.153366	-0.37985694	-0.06686727903	-0.0002%	-0.0001879229752	84.65446721
-0.06226257033	65	1	5	32.691116	-0.40794975	-0.06226257033	-0.0002%	-0.0001749819587	78.76385608
-0.07315827499	100	5	5	29.103031	-0.34719244	-0.07315827499	-0.0002%	-0.0002056031125	92.0672152
-0.06921262303	45	5	45	30.640781	-0.36698508	-0.06921262303	-0.0002%	-0.000194514301	86.55495238
-0.07172845932	65	5	30	30.1282	-0.35411328	-0.07172845932	-0.0002%	-0.0002015847762	88.42389389
-0.05938153986	10	1	45	34.228867	-0.42774236	-0.05938153986	-0.0002%	-0.0001668851463	72.58947983
-0.06122390638	30	1	30	33.716286	-0.41487062	-0.06122390638	-0.0002%	-0.0001720629104	74.6791235
-0.06793153037	10	5	70	31.66595	-0.3739059	-0.06793153037	-0.0002%	-0.000190913934	82.72245664
-0.0631842745	50	1	15	33.2037	-0.40199876	-0.0631842745	-0.0002%	-0.0001775723047	76.73725838
-0.07443410592	85	5	15	29.615616	-0.34124142	-0.07443410592	-0.0002%	-0.000209188692	90.26131734
-0.07035345938	30	5	55	31.153366	-0.36103413	-0.07035345938	-0.0002%	-0.0001977204934	84.65446721
-0.07295448129	50	5	40	30.640781	-0.3481623	-0.07295448129	-0.0002%	-0.0002050303732	86.55495238
-0.06211490441	15	1	40	34.228867	-0.40891957	-0.06211490441	-0.0002%	-0.0001745669602	72.58947983
-0.07575520332	70	5	25	30.1282	-0.3352905	-0.07575520332	-0.0002%	-0.0002129014878	88.42389389
-0.0641336679	35	1	25	33.716286	-0.39604783	-0.0641336679	-0.0002%	-0.0001802404682	74.6791235
-0.06628808169	55	1	10	33.2037	-0.38317597	-0.06628808169	-0.0002%	-0.0001862952061	76.73725838
-0.07153253701	15	5	65	31.66595	-0.35508317	-0.07153253701	-0.0002%	-0.0002010341586	82.72245664
-0.0787795668	90	5	10	29.615616	-0.32241863	-0.0787795668	-0.0002%	-0.0002214011216	90.26131734
-0.07422313942	35	5	50	31.153366	-0.34221134	-0.07422313942	-0.0002%	-0.0002085957944	84.65446721
-0.07712406897	55	5	35	30.640781	-0.32933947	-0.07712406897	-0.0003%	-0.000216748531	86.55495238
-0.06511204732	20	1	35	34.228867	-0.39009678	-0.06511204732	-0.0003%	-0.0001829900937	72.58947983
-0.06733382291	40	1	20	33.716286	-0.37722498	-0.06733382291	-0.0003%	-0.0001892341443	74.6791235
-0.08026097076	75	5	20	30.1282	-0.31646764	-0.08026097076	-0.0003%	-0.000225564441	88.42389389
-0.06971257943	60	1	5	33.2037	-0.36435318	-0.06971257943	-0.0003%	-0.0001959193723	76.73725838
-0.07553670165	20	5	60	31.66595	-0.33626038	-0.07553670165	-0.0003%	-0.0002122874134	82.72245664
-0.08366385221	95	5	5	29.615616	-0.30359587	-0.08366385221	-0.0003%	-0.000235127857	90.26131734
-0.07854329523	40	5	45	31.153366	-0.32338852	-0.07854329523	-0.0003%	-0.0002207371069	84.65446721
-0.06612071779	5	1	45	34.74145	-0.38414586	-0.06612071779	-0.0003%	-0.0001858248487	70.46829911
-0.06841308575	25	1	30	34.228867	-0.371274	-0.06841308575	-0.0003%	-0.0001922672913	72.58947983
-0.0817991379	60	5	30	30.640781	-0.31051672	-0.0817991379	-0.0003%	-0.0002298872869	86.55495238
-0.07087010069	45	1	15	33.716286	-0.3584022	-0.07087010069	-0.0003%	-0.0001991724557	74.6791235
-0.07689760896	5	5	70	32.178535	-0.33030936	-0.07689760896	-0.0003%	-0.0002161120905	80.75891312
-0.08533660166	80	5	15	30.1282	-0.29764485	-0.08533660166	-0.0003%	-0.0002398289314	88.42389389
-0.08001572593	25	5	55	31.66595	-0.3174376	-0.08001572593	-0.0003%	-0.0002248752079	82.72245664
-0.0833974328	45	5	40	31.153366	-0.30456573	-0.0833974328	-0.0003%	-0.0002343791152	84.65446721
-0.0695275064	10	1	40	34.74145	-0.36532304	-0.0695275064	-0.0003%	-0.0001953992453	70.46829911
-0.07206670631	30	1	25	34.228867	-0.35245124	-0.07206670631	-0.0003%	-0.0002025353814	72.58947983
-0.07479841239	50	1	10	33.716286	-0.3395794	-0.07479841239	-0.0003%	-0.0002102125344	74.6791235
-0.08707757477	65	5	25	30.640781	-0.29169393	-0.08707757477	-0.0003%	-0.0002447217407	86.55495238
-0.08154443883	10	5	65	32.178535	-0.3114866	-0.08154443883	-0.0003%	-0.0002291714838	80.75891312
-0.08505942288	30	5	50	31.66595	-0.29861477	-0.08505942288	-0.0003%	-0.0002390499516	82.72245664
-0.0910975265	85	5	10	30.1282	-0.27882206	-0.0910975265	-0.0003%	-0.0002560193634	88.42389389
-0.07330442042	15	1	35	34.74145	-0.34650025	-0.07330442042	-0.0003%	-0.0002060138378	70.46829911
-0.07613259601	35	1	20	34.228867	-0.33362845	-0.07613259601	-0.0003%	-0.0002139621076	72.58947983
-0.08889108511	50	5	35	31.153366	-0.28574294	-0.08889108511	-0.0003%	-0.0002498184078	84.65446721
-0.07918777042	55	1	5	33.716286	-0.3207566	-0.07918777042	-0.0003%	-0.000222548332	74.6791235
-0.08678900499	15	5	60	32.178535	-0.2926638	-0.08678900499	-0.0003%	-0.0002439107478	80.75891312
-0.09308423016	70	5	20	30.640781	-0.27287114	-0.09308423016	-0.0003%	-0.0002616027709	86.55495238
-0.09078173006	35	5	45	31.66595	-0.27979198	-0.09078173006	-0.0003%	-0.000255131853	82.72245664
-0.07751524929	20	1	30	34.74145	-0.32767746	-0.07751524929	-0.0003%	-0.0002178478993	70.46829911
-0.09769257071	90	5	5	30.1282	-0.2599993	-0.09769257071	-0.0003%	-0.0002745539942	88.42389389
-0.08068470694	40	1	15	34.228867	-0.31480563	-0.08068470694	-0.0003%	-0.0002267553039	72.58947983
-0.09515954491	55	5	30	31.153366	-0.26692015	-0.09515954491	-0.0003%	-0.0002674352098	84.65446721
-0.09275454788	20	5	55	32.178535	-0.27384102	-0.09275454788	-0.0003%	-0.0002606762358	80.75891312
-0.09998098787	75	5	15	30.640781	-0.2540483	-0.09998098787	-0.0003%	-0.0002809853335	86.55495238
-0.07894905259	5	1	40	35.254036	-0.32172647	-0.07894905259	-0.0003%	-0.0002218774424	68.31557674
-0.08223932635	25	1	25	34.74145	-0.30885467	-0.08223932635	-0.0003%	-0.0002311243871	70.46829911
-0.09732950821	40	5	40	31.66595	-0.26096916	-0.09732950821	-0.0003%	-0.0002735336478	82.72245664
-0.08581578581	45	1	10	34.228867	-0.29598284	-0.08581578581	-0.0003%	-0.0002411756246	72.58947983
-0.09481501125	5	5	65	32.691116	-0.26789007	-0.09481501125	-0.0003%	-0.0002664669366	78.76385608
-0.1023791628	60	5	25	31.153366	-0.24809736	-0.1023791628	-0.0003%	-0.0002877251346	84.65446721
-0.08385503933	10	1	35	35.254036	-0.30290368	-0.08385503933	-0.0003%	-0.0002356651669	68.31557674
-0.09960072266	25	5	50	32.178535	-0.25501823	-0.09960072266	-0.0003%	-0.0002799166409	80.75891312
-0.08757657951	30	1	20	34.74145	-0.29003188	-0.08757657951	-0.0003%	-0.0002461241375	70.46829911
-0.1079814901	80	5	10	30.640781	-0.2352255	-0.1079814901	-0.0004%	-0.0003034698462	86.55495238
-0.09164378939	50	1	5	34.228867	-0.27716008	-0.09164378939	-0.0004%	-0.0002575545739	72.58947983
-0.1048952334	45	5	35	31.66595	-0.24214637	-0.1048952334	-0.0004%	-0.0002947962685	82.72245664
-0.1019804892	10	5	60	32.691116	-0.24906725	-0.1019804892	-0.0004%	-0.0002866047074	78.76385608
-0.1107842008	65	5	20	31.153366	-0.22927457	-0.1107842008	-0.0004%	-0.0003113465497	84.65446721
-0.08941114384	15	1	30	35.254036	-0.28408092	-0.08941114384	-0.0004%	-0.0002512799744	68.31557674
-0.09365466766	35	1	15	34.74145	-0.27120912	-0.09365466766	-0.0004%	-0.0002632059214	70.46829911
-0.1075380717	30	5	45	32.178535	-0.23619542	-0.1075380717	-0.0004%	-0.0003022236685	80.75891312
-0.1173737449	85	5	5	30.640781	-0.21640274	-0.1173737449	-0.0004%	-0.0003298657231	86.55495238
-0.1137362951	50	5	30	31.66595	-0.22332361	-0.1137362951	-0.0004%	-0.000319643079	82.72245664
-0.1103175295	15	5	55	32.691116	-0.23024446	-0.1103175295	-0.0004%	-0.0003100350224	78.76385608
-0.09575579407	20	1	25	35.254036	-0.2652581	-0.09575579407	-0.0004%	-0.0002691109011	68.31557674
-0.1206927307	70	5	15	31.153366	-0.21045178	-0.1206927307	-0.0004%	-0.0003391933597	84.65446721
-0.100639389	40	1	10	34.74145	-0.25238627	-0.100639389	-0.0004%	-0.0002828356959	70.46829911
-0.1168500377	35	5	40	32.178535	-0.21737263	-0.1168500377	-0.0004%	-0.0003283939027	80.75891312
-0.09795334582	5	1	35	35.766617	-0.25930712	-0.09795334582	-0.0004%	-0.0002752868734	66.1313465
-0.1242048931	55	5	25	31.66595	-0.2045008	-0.1242048931	-0.0004%	-0.0003490638976	82.72245664
-0.1030696453	25	1	20	35.254036	-0.24643531	-0.1030696453	-0.0004%	-0.0002896656583	68.31557674
-0.1201390567	20	5	50	32.691116	-0.21142167	-0.1201390567	-0.0004%	-0.0003376373212	78.76385608
-0.1087498642	45	1	5	34.74145	-0.23356351	-0.1087498642	-0.0004%	-0.0003056292754	70.46829911
-0.1325478361	75	5	10	31.153366	-0.19162893	-0.1325478361	-0.0004%	-0.0003725108015	84.65446721
-0.127927603	40	5	35	32.178535	-0.1985498	-0.127927603	-0.0004%	-0.0003595261557	80.75891312
-0.1056201742	10	1	30	35.766617	-0.24048436	-0.1056201742	-0.0004%	-0.0002968336332	66.1313465
-0.1236185926	5	5	60	33.2037	-0.20547071	-0.1236185926	-0.0005%	-0.0003474161661	76.73725838
-0.1115931388	30	1	15	35.254036	-0.22761256	-0.1115931388	-0.0005%	-0.0003136199791	68.31557674
-0.1367959586	60	5	20	31.66595	-0.185678	-0.1367959586	-0.0005%	-0.0003844496726	82.72245664
-0.13188031	25	5	45	32.691116	-0.19259888	-0.13188031	-0.0005%	-0.0003706347945	78.76385608
-0.1145891009	15	1	25	35.766617	-0.22166157	-0.1145891009	-0.0005%	-0.0003220397939	66.1313465
-0.1469854925	80	5	5	31.153366	-0.17280617	-0.1469854925	-0.0005%	-0.0004130862128	84.65446721
-0.1413254154	45	5	30	32.178535	-0.17972705	-0.1413254154	-0.0005%	-0.0003971792021	80.75891312
-0.1360851173	10	5	55	33.2037	-0.18664789	-0.1360851173	-0.0005%	-0.0003824519329	76.73725838
-0.1216534699	35	1	10	35.254036	-0.20878977	-0.1216534699	-0.0005%	-0.0003418934094	68.31557674
-0.1522277817	65	5	15	31.66595	-0.16685522	-0.1522277817	-0.0005%	-0.0004278190776	82.72245664
-0.1461651277	30	5	40	32.691116	-0.17377606	-0.1461651277	-0.0005%	-0.0004107806697	78.76385608
-0.1252226214	20	1	20	35.766617	-0.20283875	-0.1252226214	-0.0005%	-0.0003519241087	66.1313465
-0.1578578466	50	5	25	32.178535	-0.16090426	-0.1578578466	-0.0005%	-0.0004436417427	80.75891312
-0.1337074686	40	1	5	35.254036	-0.18996695	-0.1337074686	-0.0006%	-0.0003757698184	68.31557674
-0.1513480403	15	5	50	33.2037	-0.1678251	-0.1513480403	-0.0006%	-0.0004253466633	76.73725838
-0.129007492	5	1	30	36.2792	-0.19688779	-0.129007492	-0.0006%	-0.0003625610624	63.91557884
-0.1715840239	70	5	10	31.66595	-0.14803243	-0.1715840239	-0.0006%	-0.0004822176216	82.72245664
-0.1639203871	35	5	35	32.691116	-0.15495327	-0.1639203871	-0.0006%	-0.0004606798315	78.76385608
-0.138031483	25	1	15	35.766617	-0.18401599	-0.138031483	-0.0006%	-0.0003879219752	66.1313465
-0.1787707107	55	5	20	32.178535	-0.14208144	-0.1787707107	-0.0006%	-0.0005024149974	80.75891312
-0.1704671558	20	5	45	33.2037	-0.14900231	-0.1704671558	-0.0006%	-0.0004790787895	76.73725838
-0.1426445399	10	1	25	36.2792	-0.178065	-0.1426445399	-0.0006%	-0.0004008864533	63.91557884
-0.1537593557	30	1	10	35.766617	-0.1651932	-0.1537593557	-0.0007%	-0.0004321233944	66.1313465
-0.1865856934	40	5	30	32.691116	-0.13613048	-0.1865856934	-0.0007%	-0.0005243781283	78.76385608
-0.1965798055	75	5	5	31.66595	-0.12920961	-0.1965798055	-0.0007%	-0.0005524654576	82.72245664
-0.1775586055	5	5	55	33.716286	-0.14305136	-0.1775586055	-0.0007%	-0.0004990085121	74.6791235
-0.1595054477	15	1	20	36.2792	-0.15924221	-0.1595054477	-0.0007%	-0.0004482721403	63.91557884
-0.1951151763	25	5	40	33.2037	-0.13017952	-0.1951151763	-0.0007%	-0.0005483492819	76.73725838
-0.2060707301	60	5	15	32.178535	-0.12325865	-0.2060707301	-0.0007%	-0.000579138635	80.75891312
-0.1735323417	35	1	5	35.766617	-0.14637041	-0.1735323417	-0.0007%	-0.0004876931499	66.1313465
-0.2044618733	10	5	50	33.716286	-0.12422854	-0.2044618733	-0.0008%	-0.0005746171235	74.6791235
-0.2165245944	45	5	25	32.691116	-0.11730769	-0.2165245944	-0.0008%	-0.0006085180461	78.76385608
-0.1808866608	20	1	15	36.2792	-0.14041942	-0.1808866608	-0.0008%	-0.0005083616377	63.91557884
-0.2280958295	30	5	35	33.2037	-0.111356705	-0.2280958295	-0.0008%	-0.0006410377023	76.73725838
-0.243211442	65	5	10	32.178535	-0.104435876	-0.243211442	-0.0008%	-0.000683518433	80.75891312
-0.1888919065	5	1	25	36.791786	-0.13446844	-0.1888919065	-0.0009%	-0.0005308594813	61.66826898
-0.2409735712	15	5	45	33.716286	-0.10540575	-0.2409735712	-0.0009%	-0.0006772291484	74.6791235
-0.2088873611	25	1	10	36.2792	-0.121596634	-0.2088873611	-0.0009%	-0.00058705446	63.91557884
-0.2579075574	50	5	20	32.691116	-0.0984849	-0.2579075574	-0.0009%	-0.0007248202142	78.76385608
-0.2196364498	10	1	20	36.791786	-0.11564565	-0.2196364498	-0.0010%	-0.000617263566	61.66826898
-0.2744938598	35	5	30	33.2037	-0.092533946	-0.2744938598	-0.0010%	-0.0007714341536	76.73725838
-0.2966835683	70	5	5	32.178535	-0.0856131	-0.2966835683	-0.0010%	-0.0008337958363	80.75891312
-0.2471445921	30	1	5	36.2792	-0.102773845	-0.2471445921	-0.0011%	-0.0006945721094	63.91557884
-0.293360264	20	5	40	33.716286	-0.08658296	-0.293360264	-0.0011%	-0.0008244560628	74.6791235
-0.3188467289	55	5	15	32.691116	-0.0796621	-0.3188467289	-0.0011%	-0.0008960829091	78.76385608
-0.262334742	15	1	15	36.791786	-0.09682286	-0.262334742	-0.0012%	-0.0007372623191	61.66826898
-0.3150114099	5	5	50	34.228867	-0.080632	-0.3150114099	-0.0012%	-0.0008853041759	72.58947983
-0.3445883953	40	5	25	33.2037	-0.07371113	-0.3445883953	-0.0013%	-0.0009684269704	76.73725838
-0.3748515628	25	5	35	33.716286	-0.067760155	-0.3748515628	-0.0014%	-0.001053478203	74.6791235
-0.3256407334	20	1	10	36.791786	-0.07800007	-0.3256407334	-0.0015%	-0.0009151766955	61.66826898
-0.4174932293	60	5	10	32.691116	-0.06083931	-0.4174932293	-0.0015%	-0.001173317816	78.76385608
-0.4109421801	10	5	45	34.228867	-0.061809182	-0.4109421801	-0.0016%	-0.001154906828	72.58947983
-0.3525373865	5	1	20	37.304367	-0.072049096	-0.3525373865	-0.0017%	-0.000990766717	59.38945216
-0.4627576809	45	5	20	33.2037	-0.054888338	-0.4627576809	-0.0017%	-0.001300528471	76.73725838
-0.5190306469	30	5	30	33.716286	-0.04893738	-0.5190306469	-0.0020%	-0.00145867732	74.6791235
-0.4292187813	25	1	5	36.791786	-0.05917728	-0.4292187813	-0.0020%	-0.001206271162	61.66826898
-0.6045238951	65	5	5	32.691116	-0.042016536	-0.6045238951	-0.0022%	-0.001698946489	78.76385608
-0.4772076334	10	1	15	37.304367	-0.053226307	-0.4772076334	-0.0023%	-0.001341138439	59.38945216
-0.5908846551	15	5	40	34.228867	-0.042986393	-0.5908846551	-0.0023%	-0.001660614937	72.58947983
-0.7042729181	50	5	15	33.2037	-0.036065564	-0.7042729181	-0.0026%	-0.001979279911	76.73725838
-0.84344496	35	5	25	33.716286	-0.030114591	-0.84344496	-0.0032%	-0.002370407299	74.6791235
-0.7382969112	15	1	10	37.304367	-0.034403503	-0.7382969112	-0.0035%	-0.002074900521	59.38945216
-1.051167698	20	5	35	34.228867	-0.024163604	-1.051167698	-0.0041%	-0.002954188717	72.58947983
-1.473083317	55	5	10	33.2037	-0.017242745	-1.473083317	-0.0054%	-0.004139935162	76.73725838
-1.394635354	5	5	45	34.74145	-0.018212646	-1.394635354	-0.0056%	-0.003919465975	70.46829911
-1.630220541	20	1	5	37.304367	-0.015580714	-1.630220541	-0.0077%	-0.004581551674	59.38945216
-2.249425511	40	5	20	33.716286	-0.011291772	-2.249425511	-0.0085%	-0.006321757675	74.6791235
-2.637657694	5	1	15	37.81695	-0.009629756	-2.637657694	-0.0130%	-0.007412840607	57.07909756
-4.755815553	25	5	30	34.228867	-0.0053408295	-4.755815553	-0.0184%	-0.01336568529	72.58947983
