tag	x	t	y	v	s	speed	efficiecy
e	1	0	0	1.00	1.00	48	1.021276596
s	1	0	0	1.00	1.00	48	1.021276596
48.00	1	0	0	1.00	1.00	48	1.021276596
24.00	2	0	0	2.00	2.00	24	0.5217391304
16.00	3	0	0	3.00	3.00	16	0.3555555556
12.00	4	0	0	4.00	4.00	12	0.2727272727
9.60	5	0	0	5.00	5.00	9.6	0.223255814
8.00	6	0	0	6.00	6.00	8	0.1904761905
6.86	7	0	0	7.00	7.00	6.857142857	0.1672473868
6.00	8	0	0	8.00	8.00	6	0.15
5.33	9	0	0	9.00	9.00	5.333333333	0.1367521368
4.80	10	0	0	10.00	10.00	4.8	0.1263157895
4.36	11	0	0	11.00	11.00	4.363636364	0.1179361179
4.00	12	0	0	12.00	12.00	4	0.1111111111
3.69	13	0	0	13.00	13.00	3.692307692	0.1054945055
3.43	14	0	0	14.00	14.00	3.428571429	0.1008403361
3.20	15	0	0	15.00	15.00	3.2	0.09696969697
3.00	16	0	0	16.00	16.00	3	0.09375
2.82	17	0	0	17.00	17.00	2.823529412	0.09108159393
2.67	18	0	0	18.00	18.00	2.666666667	0.08888888889
2.53	19	0	0	19.00	19.00	2.526315789	0.08711433757
2.40	20	0	0	20.00	20.00	2.4	0.08571428571
2.29	21	0	0	21.00	21.00	2.285714286	0.08465608466
2.18	22	0	0	22.00	22.00	2.181818182	0.08391608392
2.09	23	0	0	23.00	23.00	2.086956522	0.08347826087
2.00	24	0	0	24.00	24.00	2	0.08333333333
1.92	25	0	0	25.00	25.00	1.92	0.08347826087
1.85	26	0	0	26.00	26.00	1.846153846	0.08391608392
1.78	27	0	0	27.00	27.00	1.777777778	0.08465608466
1.71	28	0	0	28.00	28.00	1.714285714	0.08571428571
1.66	29	0	0	29.00	29.00	1.655172414	0.08711433757
1.60	30	0	0	30.00	30.00	1.6	0.08888888889
1.55	31	0	0	31.00	31.00	1.548387097	0.09108159393
1.50	32	0	0	32.00	32.00	1.5	0.09375
1.45	33	0	0	33.00	33.00	1.454545455	0.09696969697
1.41	34	0	0	34.00	34.00	1.411764706	0.1008403361
1.37	35	0	0	35.00	35.00	1.371428571	0.1054945055
1.33	36	0	0	36.00	36.00	1.333333333	0.1111111111
1.30	37	0	0	37.00	37.00	1.297297297	0.1179361179
1.26	38	0	0	38.00	38.00	1.263157895	0.1263157895
1.23	39	0	0	39.00	39.00	1.230769231	0.1367521368
1.20	40	0	0	40.00	40.00	1.2	0.15
1.17	41	0	0	41.00	41.00	1.170731707	0.1672473868
1.14	42	0	0	42.00	42.00	1.142857143	0.1904761905
1.12	43	0	0	43.00	43.00	1.11627907	0.223255814
1.09	44	0	0	44.00	44.00	1.090909091	0.2727272727
1.07	45	0	0	45.00	45.00	1.066666667	0.3555555556
1.04	46	0	0	46.00	46.00	1.043478261	0.5217391304
1.02	47	0	0	47.00	47.00	1.021276596	1.021276596
1.00	48	0	0	47.00	48.00	1	1
0.98	49	0	0	49.00	49.00	0.9795918367	-0.9795918367
0.96	50	0	0	50.00	50.00	0.96	-0.48
0.94	51	0	0	51.00	51.00	0.9411764706	-0.3137254902
0.92	52	0	0	52.00	52.00	0.9230769231	-0.2307692308
0.91	53	0	0	53.00	53.00	0.9056603774	-0.1811320755
0.89	54	0	0	54.00	54.00	0.8888888889	-0.1481481481
0.87	55	0	0	55.00	55.00	0.8727272727	-0.1246753247
0.86	56	0	0	56.00	56.00	0.8571428571	-0.1071428571
0.84	57	0	0	57.00	57.00	0.8421052632	-0.09356725146
0.83	58	0	0	58.00	58.00	0.8275862069	-0.08275862069
0.81	59	0	0	59.00	59.00	0.813559322	-0.07395993837
0.80	60	0	0	60.00	60.00	0.8	-0.06666666667
0.79	61	0	0	61.00	61.00	0.7868852459	-0.0605296343
0.77	62	0	0	62.00	62.00	0.7741935484	-0.05529953917
0.76	63	0	0	63.00	63.00	0.7619047619	-0.05079365079
0.75	64	0	0	64.00	64.00	0.75	-0.046875
0.74	65	0	0	65.00	65.00	0.7384615385	-0.04343891403
0.73	66	0	0	66.00	66.00	0.7272727273	-0.0404040404
0.72	67	0	0	67.00	67.00	0.7164179104	-0.03770620581
0.71	68	0	0	68.00	68.00	0.7058823529	-0.03529411765
0.70	69	0	0	69.00	69.00	0.6956521739	-0.033126294
0.69	70	0	0	70.00	70.00	0.6857142857	-0.03116883117
0.68	71	0	0	71.00	71.00	0.676056338	-0.02939375383
0.67	72	0	0	72.00	72.00	0.6666666667	-0.02777777778
0.66	73	0	0	73.00	73.00	0.6575342466	-0.02630136986
0.65	74	0	0	74.00	74.00	0.6486486486	-0.02494802495
0.64	75	0	0	75.00	75.00	0.64	-0.0237037037
0.63	76	0	0	76.00	76.00	0.6315789474	-0.02255639098
0.62	77	0	0	77.00	77.00	0.6233766234	-0.02149574563
0.62	78	0	0	78.00	78.00	0.6153846154	-0.02051282051
0.61	79	0	0	79.00	79.00	0.6075949367	-0.01959983667
0.60	80	0	0	80.00	80.00	0.6	-0.01875
0.59	81	0	0	81.00	81.00	0.5925925926	-0.01795735129
0.59	82	0	0	82.00	82.00	0.5853658537	-0.01721664275
0.58	83	0	0	83.00	83.00	0.578313253	-0.0165232358
0.57	84	0	0	84.00	84.00	0.5714285714	-0.01587301587
0.56	85	0	0	85.00	85.00	0.5647058824	-0.01526232114
0.56	86	0	0	86.00	86.00	0.5581395349	-0.0146878825
0.55	87	0	0	87.00	87.00	0.5517241379	-0.01414677277
0.55	88	0	0	88.00	88.00	0.5454545455	-0.01363636364
0.54	89	0	0	89.00	89.00	0.5393258427	-0.01315428885
0.53	90	0	0	90.00	90.00	0.5333333333	-0.0126984127
0.53	91	0	0	91.00	91.00	0.5274725275	-0.01226680296
0.52	92	0	0	92.00	92.00	0.5217391304	-0.01185770751
0.52	93	0	0	93.00	93.00	0.5161290323	-0.01146953405
0.51	94	0	0	94.00	94.00	0.5106382979	-0.01110083256
0.51	95	0	0	95.00	95.00	0.5052631579	-0.01075027996
0.50	96	0	0	96.00	96.00	0.5	-0.01041666667
0.49	97	0	0	97.00	97.00	0.4948453608	-0.01009888491
0.49	98	0	0	98.00	98.00	0.4897959184	-0.009795918367
0.48	99	0	0	99.00	99.00	0.4848484848	-0.009506833036
0.48	100	0	0	100.00	100.00	0.48	-0.009230769231
0.48	101	0	0	101.00	101.00	0.4752475248	-0.008966934429
0.47	102	0	0	102.00	102.00	0.4705882353	-0.00871459695
0.47	103	0	0	103.00	103.00	0.4660194175	-0.008473080318
0.46	104	0	0	104.00	104.00	0.4615384615	-0.008241758242
0.46	105	0	0	105.00	105.00	0.4571428571	-0.008020050125
0.45	106	0	0	106.00	106.00	0.4528301887	-0.007807417046
0.45	107	0	0	107.00	107.00	0.4485981308	-0.00760335815
0.44	108	0	0	108.00	108.00	0.4444444444	-0.007407407407
0.44	109	0	0	109.00	109.00	0.4403669725	-0.007219130696
0.44	110	0	0	110.00	110.00	0.4363636364	-0.007038123167
0.43	111	0	0	111.00	111.00	0.4324324324	-0.006864006864
0.43	112	0	0	112.00	112.00	0.4285714286	-0.006696428571
0.42	113	0	0	113.00	113.00	0.4247787611	-0.006535057862
0.42	114	0	0	114.00	114.00	0.4210526316	-0.006379585327
0.42	115	0	0	115.00	115.00	0.4173913043	-0.00622972096
0.41	116	0	0	116.00	116.00	0.4137931034	-0.006085192698
0.41	117	0	0	117.00	117.00	0.4102564103	-0.005945745076
0.41	118	0	0	118.00	118.00	0.406779661	-0.005811138015
0.40	119	0	0	119.00	119.00	0.4033613445	-0.005681145698
0.40	120	0	0	120.00	120.00	0.4	-0.005555555556
0.40	121	0	0	121.00	121.00	0.3966942149	-0.005434167327
0.39	122	0	0	122.00	122.00	0.393442623	-0.005316792202
0.39	123	0	0	123.00	123.00	0.3902439024	-0.005203252033
0.39	124	0	0	124.00	124.00	0.3870967742	-0.005093378608
0.38	125	0	0	125.00	125.00	0.384	-0.004987012987
0.38	126	0	0	126.00	126.00	0.380952381	-0.004884004884
0.38	127	0	0	127.00	127.00	0.3779527559	-0.0047842121
0.38	128	0	0	128.00	128.00	0.375	-0.0046875
0.37	129	0	0	129.00	129.00	0.3720930233	-0.004593741028
0.37	130	0	0	130.00	130.00	0.3692307692	-0.004502814259
0.37	131	0	0	131.00	131.00	0.3664122137	-0.004414604985
0.36	132	0	0	132.00	132.00	0.3636363636	-0.004329004329
0.36	133	0	0	133.00	133.00	0.3609022556	-0.00424590889
0.36	134	0	0	134.00	134.00	0.3582089552	-0.00416522041
0.36	135	0	0	135.00	135.00	0.3555555556	-0.004086845466
0.35	136	0	0	136.00	136.00	0.3529411765	-0.004010695187
0.35	137	0	0	137.00	137.00	0.3503649635	-0.003936684983
0.35	138	0	0	138.00	138.00	0.347826087	-0.0038647343
0.35	139	0	0	139.00	139.00	0.345323741	-0.003794766385
0.34	140	0	0	140.00	140.00	0.3428571429	-0.003726708075
0.34	141	0	0	141.00	141.00	0.3404255319	-0.00366048959
0.34	142	0	0	142.00	142.00	0.338028169	-0.003596044351
0.34	143	0	0	143.00	143.00	0.3356643357	-0.003533308796
0.33	144	0	0	144.00	144.00	0.3333333333	-0.003472222222
0.33	145	0	0	145.00	145.00	0.3310344828	-0.003412726626
0.33	146	0	0	146.00	146.00	0.3287671233	-0.003354766564
0.33	147	0	0	147.00	147.00	0.3265306122	-0.003298289013
0.32	148	0	0	148.00	148.00	0.3243243243	-0.003243243243
0.32	149	0	0	149.00	149.00	0.322147651	-0.003189580703
0.32	150	0	0	150.00	150.00	0.32	-0.003137254902
0.32	151	0	0	151.00	151.00	0.3178807947	-0.003086221308
0.32	152	0	0	152.00	152.00	0.3157894737	-0.003036437247
0.31	153	0	0	153.00	153.00	0.3137254902	-0.002987861811
0.31	154	0	0	154.00	154.00	0.3116883117	-0.002940455771
0.31	155	0	0	155.00	155.00	0.3096774194	-0.002894181489
0.31	156	0	0	156.00	156.00	0.3076923077	-0.002849002849
0.31	157	0	0	157.00	157.00	0.3057324841	-0.002804885175
0.30	158	0	0	158.00	158.00	0.3037974684	-0.002761795167
0.30	159	0	0	159.00	159.00	0.3018867925	-0.002719700833
0.30	160	0	0	160.00	160.00	0.3	-0.002678571429
0.30	161	0	0	161.00	161.00	0.298136646	-0.002638377398
0.30	162	0	0	162.00	162.00	0.2962962963	-0.002599090318
0.29	163	0	0	163.00	163.00	0.2944785276	-0.002560682849
0.29	164	0	0	164.00	164.00	0.2926829268	-0.00252312868
0.29	165	0	0	165.00	165.00	0.2909090909	-0.002486402486
0.29	166	0	0	166.00	166.00	0.2891566265	-0.002450479886
0.29	167	0	0	167.00	167.00	0.2874251497	-0.002415337392
0.29	168	0	0	168.00	168.00	0.2857142857	-0.002380952381
0.28	169	0	0	169.00	169.00	0.2840236686	-0.002347303047
0.28	170	0	0	170.00	170.00	0.2823529412	-0.00231436837
0.28	171	0	0	171.00	171.00	0.2807017544	-0.002282128084
0.28	172	0	0	172.00	172.00	0.2790697674	-0.002250562641
0.28	173	0	0	173.00	173.00	0.2774566474	-0.002219653179
0.28	174	0	0	174.00	174.00	0.275862069	-0.0021893815
0.27	175	0	0	175.00	175.00	0.2742857143	-0.002159730034
0.27	176	0	0	176.00	176.00	0.2727272727	-0.002130681818
0.27	177	0	0	177.00	177.00	0.2711864407	-0.00210222047
0.27	178	0	0	178.00	178.00	0.2696629213	-0.002074330164
0.27	179	0	0	179.00	179.00	0.2681564246	-0.002046995607
0.27	180	0	0	180.00	180.00	0.2666666667	-0.00202020202
0.27	181	0	0	181.00	181.00	0.2651933702	-0.001993935114
0.26	182	0	0	182.00	182.00	0.2637362637	-0.001968181073
0.26	183	0	0	183.00	183.00	0.262295082	-0.001942926533
0.26	184	0	0	184.00	184.00	0.2608695652	-0.001918158568
0.26	185	0	0	185.00	185.00	0.2594594595	-0.001893864668
0.26	186	0	0	186.00	186.00	0.2580645161	-0.001870032726
0.26	187	0	0	187.00	187.00	0.256684492	-0.001846651021
0.26	188	0	0	188.00	188.00	0.2553191489	-0.001823708207
0.25	189	0	0	189.00	189.00	0.253968254	-0.001801193291
0.25	190	0	0	190.00	190.00	0.2526315789	-0.001779095626
0.25	191	0	0	191.00	191.00	0.2513089005	-0.001757404899
0.25	192	0	0	192.00	192.00	0.25	-0.001736111111
0.25	193	0	0	193.00	193.00	0.2487046632	-0.001715204574
0.25	194	0	0	194.00	194.00	0.2474226804	-0.001694675893
0.25	195	0	0	195.00	195.00	0.2461538462	-0.00167451596
0.24	196	0	0	196.00	196.00	0.2448979592	-0.00165471594
0.24	197	0	0	197.00	197.00	0.2436548223	-0.001635267264
0.24	198	0	0	198.00	198.00	0.2424242424	-0.001616161616
0.24	199	0	0	199.00	199.00	0.2412060302	-0.001597390928
0.24	200	0	0	200.00	200.00	0.24	-0.001578947368
0.24	201	0	0	201.00	201.00	0.2388059701	-0.001560823334
0.24	202	0	0	202.00	202.00	0.2376237624	-0.001543011444
0.24	203	0	0	203.00	203.00	0.236453202	-0.001525504529
0.24	204	0	0	204.00	204.00	0.2352941176	-0.001508295626
0.23	205	0	0	205.00	205.00	0.2341463415	-0.001491377971
0.23	206	0	0	206.00	206.00	0.2330097087	-0.001474744992
0.23	207	0	0	207.00	207.00	0.231884058	-0.001458390302
0.23	208	0	0	208.00	208.00	0.2307692308	-0.001442307692
0.23	209	0	0	209.00	209.00	0.2296650718	-0.001426491129
0.23	210	0	0	210.00	210.00	0.2285714286	-0.001410934744
0.23	211	0	0	211.00	211.00	0.2274881517	-0.001395632832
0.23	212	0	0	212.00	212.00	0.2264150943	-0.001380579844
0.23	213	0	0	213.00	213.00	0.2253521127	-0.00136577038
0.22	214	0	0	214.00	214.00	0.2242990654	-0.001351199189
0.22	215	0	0	215.00	215.00	0.223255814	-0.001336861161
0.22	216	0	0	216.00	216.00	0.2222222222	-0.001322751323
0.22	217	0	0	217.00	217.00	0.2211981567	-0.001308864832
0.22	218	0	0	218.00	218.00	0.2201834862	-0.001295196978
0.22	219	0	0	219.00	219.00	0.2191780822	-0.001281743171
0.22	220	0	0	220.00	220.00	0.2181818182	-0.001268498943
0.22	221	0	0	221.00	221.00	0.2171945701	-0.001255459943
0.22	222	0	0	222.00	222.00	0.2162162162	-0.001242621932
0.22	223	0	0	223.00	223.00	0.2152466368	-0.001229980782
0.21	224	0	0	224.00	224.00	0.2142857143	-0.001217532468
0.21	225	0	0	225.00	225.00	0.2133333333	-0.00120527307
0.21	226	0	0	226.00	226.00	0.2123893805	-0.001193198767
0.21	227	0	0	227.00	227.00	0.2114537445	-0.001181305835
0.21	228	0	0	228.00	228.00	0.2105263158	-0.001169590643
0.21	229	0	0	229.00	229.00	0.2096069869	-0.001158049651
0.21	230	0	0	230.00	230.00	0.2086956522	-0.001146679408
0.21	231	0	0	231.00	231.00	0.2077922078	-0.001135476545
0.21	232	0	0	232.00	232.00	0.2068965517	-0.001124437781
0.21	233	0	0	233.00	233.00	0.2060085837	-0.001113559912
0.21	234	0	0	234.00	234.00	0.2051282051	-0.001102839813
0.20	235	0	0	235.00	235.00	0.2042553191	-0.001092274434
0.20	236	0	0	236.00	236.00	0.2033898305	-0.001081860801
0.20	237	0	0	237.00	237.00	0.2025316456	-0.001071596008
0.20	238	0	0	238.00	238.00	0.2016806723	-0.001061477222
0.20	239	0	0	239.00	239.00	0.2008368201	-0.001051501676
0.20	240	0	0	240.00	240.00	0.2	-0.001041666667
0.20	241	0	0	241.00	241.00	0.1991701245	-0.001031969557
0.20	242	0	0	242.00	242.00	0.1983471074	-0.00102240777
0.20	243	0	0	243.00	243.00	0.1975308642	-0.001012978791
0.20	244	0	0	244.00	244.00	0.1967213115	-0.001003680161
0.20	245	0	0	245.00	245.00	0.1959183673	-0.0009945094789
0.20	246	0	0	246.00	246.00	0.1951219512	-0.0009854644001
0.19	247	0	0	247.00	247.00	0.1943319838	-0.0009765426322
0.19	248	0	0	248.00	248.00	0.1935483871	-0.0009677419355
0.19	249	0	0	249.00	249.00	0.1927710843	-0.0009590601211
0.19	250	0	0	250.00	250.00	0.192	-0.0009504950495
0.19	251	0	0	251.00	251.00	0.1912350598	-0.0009420446294
0.19	252	0	0	252.00	252.00	0.1904761905	-0.0009337068161
0.19	253	0	0	253.00	253.00	0.1897233202	-0.0009254796105
0.19	254	0	0	254.00	254.00	0.188976378	-0.000917361058
0.19	255	0	0	255.00	255.00	0.1882352941	-0.0009093492469
0.19	256	0	0	256.00	256.00	0.1875	-0.0009014423077
0.19	257	0	0	257.00	257.00	0.186770428	-0.0008936384116
0.19	258	0	0	258.00	258.00	0.1860465116	-0.0008859357697
0.19	259	0	0	259.00	259.00	0.1853281853	-0.0008783326319
0.18	260	0	0	260.00	260.00	0.1846153846	-0.0008708272859
0.18	261	0	0	261.00	261.00	0.183908046	-0.0008634180562
0.18	262	0	0	262.00	262.00	0.1832061069	-0.0008561033031
0.18	263	0	0	263.00	263.00	0.1825095057	-0.0008488814219
0.18	264	0	0	264.00	264.00	0.1818181818	-0.0008417508418
0.18	265	0	0	265.00	265.00	0.1811320755	-0.0008347100252
0.18	266	0	0	266.00	266.00	0.1804511278	-0.0008277574671
0.18	267	0	0	267.00	267.00	0.1797752809	-0.0008208916936
0.18	268	0	0	268.00	268.00	0.1791044776	-0.0008141112619
0.18	269	0	0	269.00	269.00	0.1784386617	-0.0008074147589
0.18	270	0	0	270.00	270.00	0.1777777778	-0.0008008008008
0.18	271	0	0	271.00	271.00	0.1771217712	-0.0007942680324
0.18	272	0	0	272.00	272.00	0.1764705882	-0.0007878151261
0.18	273	0	0	273.00	273.00	0.1758241758	-0.0007814407814
0.18	274	0	0	274.00	274.00	0.1751824818	-0.0007751437246
0.17	275	0	0	275.00	275.00	0.1745454545	-0.0007689227072
0.17	276	0	0	276.00	276.00	0.1739130435	-0.0007627765065

