tag	x	t	y	v	s	speed	efficiency
e	5	1	5	35.65649	0.31435776	0.0807996596	21.02%
s	70	5	35	29.343857	0.0005660057	44.87587316	15.35%
0.0807996596	5	1	5	35.65649	0.31435776	0.0807996596	21.02%
0.07523565198	5	5	5	35.65649	0.3376059	0.07523565198	21.02%
0.09255082461	5	1	10	35.324245	0.2744438	0.09255082461	20.58%
0.0853231028	5	5	10	35.324245	0.29769194	0.0853231028	20.58%
0.08277567297	10	1	5	35.324245	0.30685344	0.08277567297	20.58%
0.07694601159	10	5	5	35.324245	0.33010158	0.07694601159	20.58%
0.1083017929	5	1	15	34.992	0.23452982	0.1083017929	20.17%
0.0985344131	5	5	15	34.992	0.25777796	0.0985344131	20.17%
0.09515266121	10	1	10	34.992	0.26693946	0.09515266121	20.17%
0.08752957526	10	5	10	34.992	0.29018763	0.08752957526	20.17%
0.08485075604	15	1	5	34.992	0.29934913	0.08485075604	20.17%
0.07873594219	15	5	5	34.992	0.32259727	0.07873594219	20.17%
0.1305135152	5	1	20	34.659756	0.19461586	0.1305135152	19.77%
0.1165864943	5	5	20	34.659756	0.217864	0.1165864943	19.77%
0.1118817	10	1	15	34.659756	0.22702551	0.1118817	19.77%
0.1014889143	10	5	15	34.659756	0.25027364	0.1014889143	19.77%
0.097904995	15	1	10	34.659756	0.25943518	0.097904995	19.77%
0.08985320321	15	5	10	34.659756	0.2826833	0.08985320321	19.77%
0.08703255381	20	1	5	34.659756	0.29184482	0.08703255381	19.77%
0.08061113395	20	5	5	34.659756	0.31509295	0.08061113395	19.77%
0.1641867465	5	1	25	34.327515	0.15470189	0.1641867465	19.39%
0.1427367078	5	5	25	34.327515	0.17795002	0.1427367078	19.39%
0.1357479074	10	1	20	34.327515	0.18711154	0.1357479074	19.39%
0.1207455611	10	5	20	34.327515	0.2103597	0.1207455611	19.39%
0.1157063646	15	1	15	34.327515	0.2195212	0.1157063646	19.39%
0.1046260662	15	5	15	34.327515	0.24276933	0.1046260662	19.39%
0.1008213246	20	1	10	34.327515	0.25193083	0.1008213246	19.39%
0.09230355514	20	5	10	34.327515	0.275179	0.09230355514	19.39%
0.08932951866	25	1	5	34.327515	0.2843405	0.08932951866	19.39%
0.08257782212	25	5	5	34.327515	0.30758864	0.08257782212	19.39%
0.2212776397	5	1	30	33.99527	0.11478792	0.2212776397	19.04%
0.1840098751	5	5	30	33.99527	0.13803607	0.1840098751	19.04%
0.1725571964	10	1	25	33.99527	0.14719757	0.1725571964	19.04%
0.1490210578	10	5	25	33.99527	0.17044571	0.1490210578	19.04%
0.1414196967	15	1	20	33.99527	0.17960723	0.1414196967	19.04%
0.1252123557	15	5	20	33.99527	0.20285538	0.1252123557	19.04%
0.1198017818	20	1	15	33.99527	0.21201688	0.1198017818	19.04%
0.1079633513	20	5	15	33.99527	0.23526502	0.1079633513	19.04%
0.1039167066	25	1	10	33.99527	0.24442653	0.1039167066	19.04%
0.09489130612	25	5	10	33.99527	0.26767468	0.09489130612	19.04%
0.09175100655	30	1	5	33.99527	0.2768362	0.09175100655	19.04%
0.08464287638	30	5	5	33.99527	0.30008432	0.08464287638	19.04%
0.3392366566	5	1	35	33.663025	0.074873984	0.3392366566	18.69%
0.2588611008	5	5	35	33.663025	0.09812212	0.2588611008	18.69%
0.2367556424	10	1	30	33.663025	0.10728361	0.2367556424	18.69%
0.194588658	10	5	30	33.663025	0.13053176	0.194588658	18.69%
0.1818269543	15	1	25	33.663025	0.13969326	0.1818269543	18.69%
0.1558842627	15	5	25	33.663025	0.1629414	0.1558842627	18.69%
0.1475861158	20	1	20	33.663025	0.17210291	0.1475861158	18.69%
0.1300223367	20	5	20	33.663025	0.19535105	0.1300223367	18.69%
0.1241977449	25	1	15	33.663025	0.20451257	0.1241977449	18.69%
0.1115205564	25	5	15	33.663025	0.2277607	0.1115205564	18.69%
0.10720818	30	1	10	33.663025	0.23692222	0.10720818	18.69%
0.09762833485	30	5	10	33.663025	0.26017037	0.09762833485	18.69%
0.09430744308	35	1	5	33.663025	0.26933187	0.09430744308	18.69%
0.08681386288	35	5	5	33.663025	0.29258	0.08681386288	18.69%
0.7265446224	5	1	40	33.330784	0.03496	0.7265446224	18.37%
0.4363651007	5	5	40	33.330784	0.058208138	0.4363651007	18.37%
0.3770244282	10	1	35	33.330784	0.06736964	0.3770244282	18.37%
0.2802981127	10	5	35	33.330784	0.090617806	0.2802981127	18.37%
0.2545617924	15	1	30	33.330784	0.09977931	0.2545617924	18.37%
0.2064579997	15	5	30	33.330784	0.123027444	0.2064579997	18.37%
0.1921491925	20	1	25	33.330784	0.13218895	0.1921491925	18.37%
0.1634101721	20	5	25	33.330784	0.15543708	0.1634101721	18.37%
0.1543147998	25	1	20	33.330784	0.1645986	0.1543147998	18.37%
0.1352166133	25	5	20	33.330784	0.18784674	0.1352166133	18.37%
0.1289286109	30	1	15	33.330784	0.19700825	0.1289286109	18.37%
0.1153201503	30	5	15	33.330784	0.22025639	0.1153201503	18.37%
0.1107149926	35	1	10	33.330784	0.22941789	0.1107149926	18.37%
0.1005279459	35	5	10	33.330784	0.25266606	0.1005279459	18.37%
0.09701041403	40	1	5	33.330784	0.26182756	0.09701041403	18.37%
0.08909914104	40	5	5	33.330784	0.2850757	0.08909914104	18.37%
1.388419326	5	5	45	32.99854	0.018294185	1.388419326	18.05%
0.9251270629	10	1	40	32.99854	0.027455688	0.9251270629	18.05%
0.5009484097	10	5	40	32.99854	0.050703824	0.5009484097	18.05%
0.4242854653	15	1	35	32.99854	0.059865355	0.4242854653	18.05%
0.3056062259	15	5	35	32.99854	0.08311349	0.3056062259	18.05%
0.2752642634	20	1	30	32.99854	0.092274964	0.2752642634	18.05%
0.2198694175	20	5	30	32.99854	0.115523115	0.2198694175	18.05%
0.2037139622	25	1	25	32.99854	0.12468463	0.2037139622	18.05%
0.1716996173	25	5	25	32.99854	0.14793277	0.1716996173	18.05%
0.1616863453	30	1	20	32.99854	0.15709428	0.1616863453	18.05%
0.1408431804	30	5	20	32.99854	0.18034242	0.1408431804	18.05%
0.1340341525	35	1	15	32.99854	0.18950394	0.1340341525	18.05%
0.1193877926	35	5	15	32.99854	0.21275207	0.1193877926	18.05%
0.1144589709	40	1	10	32.99854	0.22191358	0.1144589709	18.05%
0.1036050774	40	5	10	32.99854	0.24516173	0.1036050774	18.05%
0.0998729019	45	1	5	32.99854	0.25432324	0.0998729019	18.05%
0.09150799337	45	5	5	32.99854	0.27757138	0.09150799337	18.05%
-5.127221091	5	1	45	32.99854	-0.0049539506	-5.127221091	18.05%
2.354059655	10	5	45	32.666294	0.010789871	2.354059655	17.75%
1.273097191	15	1	40	32.666294	0.019951344	1.273097191	17.75%
0.5879696321	15	5	40	32.666294	0.04319951	0.5879696321	17.75%
0.4850937749	20	1	35	32.666294	0.05236101	0.4850937749	17.75%
0.3359380435	20	5	35	32.666294	0.07560918	0.3359380435	17.75%
0.299631901	25	1	30	32.666294	0.08477068	0.299631901	17.75%
0.2351442527	25	5	30	32.666294	0.1080188	0.2351442527	17.75%
0.2167599474	30	1	25	32.666294	0.11718032	0.2167599474	17.75%
0.1808750292	30	5	25	32.666294	0.14042845	0.1808750292	17.75%
0.1697974918	35	1	20	32.666294	0.14958996	0.1697974918	17.75%
0.1469583385	35	5	20	32.666294	0.1728381	0.1469583385	17.75%
0.139560731	40	1	15	32.666294	0.18199962	0.139560731	17.75%
0.1237528731	40	5	15	32.666294	0.20524776	0.1237528731	17.75%
0.1184650327	45	1	10	32.666294	0.21440926	0.1184650327	17.75%
0.1068765329	45	5	10	32.666294	0.23765741	0.1068765329	17.75%
0.1029094486	50	1	5	32.666294	0.24681893	0.1029094486	17.75%
0.09405071118	50	5	5	32.666294	0.27006707	0.09405071118	17.75%
-0.5661058645	5	1	50	32.666294	-0.044867933	-0.5661058645	17.75%
-1.174849144	5	5	50	32.666294	-0.021619797	-1.174849144	17.75%
-2.038807169	10	1	45	32.666294	-0.012458265	-2.038807169	17.75%
7.730804853	15	5	45	32.33405	0.003285557	7.730804853	17.47%
2.040647612	20	1	40	32.33405	0.012447029	2.040647612	17.47%
0.7115803682	20	5	40	32.33405	0.035695195	0.7115803682	17.47%
0.5662472877	25	1	35	32.33405	0.044856727	0.5662472877	17.47%
0.3729542943	25	5	35	32.33405	0.06810486	0.3729542943	17.47%
0.3287330763	30	1	30	32.33405	0.077266335	0.3287330763	17.47%
0.2526998592	30	5	30	32.33405	0.1005145	0.2526998592	17.47%
0.2315912324	35	1	25	32.33405	0.109676	0.2315912324	17.47%
0.1910864347	35	5	25	32.33405	0.13292414	0.1910864347	17.47%
0.1787654263	40	1	20	32.33405	0.14208564	0.1787654263	17.47%
0.1536285986	40	5	20	32.33405	0.1653338	0.1536285986	17.47%
0.1455626515	45	1	15	32.33405	0.17449531	0.1455626515	17.47%
0.1284492609	45	5	15	32.33405	0.19774345	0.1284492609	17.47%
0.1227616836	50	1	10	32.33405	0.20690495	0.1227616836	17.47%
0.1103613204	50	5	10	32.33405	0.2301531	0.1103613204	17.47%
0.1061364325	55	1	5	32.33405	0.23931462	0.1061364325	17.47%
0.09673877959	55	5	5	32.33405	0.26256275	0.09673877959	17.47%
-0.2995923009	5	1	55	32.33405	-0.084781885	-0.2995923009	17.47%
-0.4127816036	5	5	55	32.33405	-0.06153375	-0.4127816036	17.47%
-0.4849894153	10	1	50	32.33405	-0.052372277	-0.4849894153	17.47%
-0.8721296248	10	5	50	32.33405	-0.029124111	-0.8721296248	17.47%
-1.272378776	15	1	45	32.33405	-0.019962609	-1.272378776	17.47%
5.138876104	25	1	40	32.00181	0.004942715	5.138876104	17.19%
0.9010005753	25	5	40	32.00181	0.028190881	0.9010005753	17.19%
0.6800101616	30	1	35	32.00181	0.037352383	0.6800101616	17.19%
0.4191381101	30	5	35	32.00181	0.06060055	0.4191381101	17.19%
0.3640949617	35	1	30	32.00181	0.06976202	0.3640949617	17.19%
0.2730883573	35	5	30	32.00181	0.09301019	0.2730883573	17.19%
0.2486011536	40	1	25	32.00181	0.10217169	0.2486011536	17.19%
0.2025198089	40	5	25	32.00181	0.12541983	0.2025198089	17.19%
0.1887334595	45	1	20	32.00181	0.13458133	0.1887334595	17.19%
0.1609331793	45	5	20	32.00181	0.15782948	0.1609331793	17.19%
0.1521040056	50	1	15	32.00181	0.166991	0.1521040056	17.19%
0.1335161699	50	5	15	32.00181	0.19023913	0.1335161699	17.19%
0.127381744	55	1	10	32.00181	0.19940063	0.127381744	17.19%
0.1140810203	55	5	10	32.00181	0.22264878	0.1140810203	17.19%
0.1095723529	60	1	5	32.00181	0.2318103	0.1095723529	17.19%
0.09958502059	60	5	5	32.00181	0.25505844	0.09958502059	17.19%
-0.2036955995	5	1	60	32.00181	-0.12469587	-0.2036955995	17.19%
-0.2503752425	5	5	60	32.00181	-0.10144773	-0.2503752425	17.19%
-0.2752306601	10	1	55	32.00181	-0.09228623	-0.2752306601	17.19%
-0.3679130033	10	5	55	32.00181	-0.06903806	-0.3679130033	17.19%
-0.4242060666	15	1	50	32.00181	-0.05987656	-0.4242060666	17.19%
-0.6934505101	15	5	50	32.00181	-0.036628425	-0.6934505101	17.19%
-0.9247486513	20	1	45	32.00181	-0.027466923	-0.9247486513	17.19%
-6.020730751	20	5	45	32.00181	-0.004218757	-6.020730751	17.19%
1.227849938	30	5	40	31.669563	0.020686567	1.227849938	16.93%
0.8509763228	35	1	35	31.669563	0.029848069	0.8509763228	16.93%
0.4783766683	35	5	35	31.669563	0.053096235	0.4783766683	16.93%
0.4079816174	40	1	30	31.669563	0.062257707	0.4079816174	16.93%
0.297055629	40	5	30	31.669563	0.08550587	0.297055629	16.93%
0.2683078516	45	1	25	31.669563	0.094667375	0.2683078516	16.93%
0.2154084734	45	5	25	31.669563	0.11791551	0.2154084734	16.93%
0.1998787979	50	1	20	31.669563	0.12707701	0.1998787979	16.93%
0.1689670578	50	5	20	31.669563	0.15032516	0.1689670578	16.93%
0.1592609489	55	1	15	31.669563	0.15948668	0.1592609489	16.93%
0.138999234	55	5	15	31.669563	0.18273482	0.138999234	16.93%
0.1323631428	60	1	10	31.669563	0.19189632	0.1323631428	16.93%
0.1180602039	60	5	10	31.669563	0.21514447	0.1180602039	16.93%
0.1132381708	65	1	5	31.669563	0.22430599	0.1132381708	16.93%
0.1026038266	65	5	5	31.669563	0.24755412	0.1026038266	16.93%
-0.1543042534	5	1	65	31.669563	-0.16460985	-0.1543042534	16.93%
-0.1796809432	5	5	65	31.669563	-0.14136168	-0.1796809432	16.93%
-0.19213287	10	1	60	31.669563	-0.13220018	-0.19213287	16.93%
-0.2331300895	10	5	60	31.669563	-0.108952045	-0.2331300895	16.93%
-0.2545332216	15	1	55	31.669563	-0.09979051	-0.2545332216	16.93%
-0.3318423075	15	5	55	31.669563	-0.07654238	-0.3318423075	16.93%
-0.3769613958	20	1	50	31.669563	-0.067380905	-0.3769613958	16.93%
-0.5755364385	20	5	50	31.669563	-0.04413274	-0.5755364385	16.93%
-0.7263111682	25	1	45	31.669563	-0.034971237	-0.7263111682	16.93%
-2.166667761	25	5	45	31.669563	-0.011723071	-2.166667761	16.93%
-9.915796926	30	1	40	31.669563	-0.0025615692	-9.915796926	16.93%
1.926832993	35	5	40	31.337318	0.013182253	1.926832993	16.67%
1.136782962	40	1	35	31.337318	0.022343755	1.136782962	16.67%
0.557116261	40	5	35	31.337318	0.04559192	0.557116261	16.67%
0.4638981917	45	1	30	31.337318	0.054753393	0.4638981917	16.67%
0.325634513	45	5	30	31.337318	0.07800156	0.325634513	16.67%
0.291407851	50	1	25	31.337318	0.08716306	0.291407851	16.67%
0.2300491255	50	5	25	31.337318	0.1104112	0.2300491255	16.67%
0.2124230698	55	1	20	31.337318	0.1195727	0.2124230698	16.67%
0.1778451816	55	5	20	31.337318	0.14282085	0.1778451816	16.67%
0.1671246474	60	1	15	31.337318	0.15198237	0.1671246474	16.67%
0.1449519347	60	5	15	31.337318	0.1752305	0.1449519347	16.67%
0.1377500108	65	1	10	31.337318	0.184392	0.1377500108	16.67%
0.1223270103	65	5	10	31.337318	0.20764016	0.1223270103	16.67%
0.1171577745	70	1	5	31.337318	0.21680166	0.1171577745	16.67%
0.1058113731	70	5	5	31.337318	0.24004981	0.1058113731	16.67%
-0.1241909255	5	1	70	31.337318	-0.2045238	-0.1241909255	16.67%
-0.1401180864	5	5	70	31.337318	-0.18127567	-0.1401180864	16.67%
-0.1475764947	10	1	65	31.337318	-0.17211413	-0.1475764947	16.67%
-0.1706232451	10	5	65	31.337318	-0.148866	-0.1706232451	16.67%
-0.1818122863	15	1	60	31.337318	-0.13970453	-0.1818122863	16.67%
-0.2181074524	15	5	60	31.337318	-0.11645636	-0.2181074524	16.67%
-0.2367308182	20	1	55	31.337318	-0.10729486	-0.2367308182	16.67%
-0.3022129723	20	5	55	31.337318	-0.08404669	-0.3022129723	16.67%
-0.3391858924	25	1	50	31.337318	-0.07488519	-0.3391858924	16.67%
-0.4918948415	25	5	50	31.337318	-0.051637053	-0.4918948415	16.67%
-0.5979915019	30	1	45	31.337318	-0.04247552	-0.5979915019	16.67%
-1.321032407	30	5	45	31.337318	-0.019227386	-1.321032407	16.67%
-2.523367726	35	1	40	31.337318	-0.010065913	-2.523367726	16.67%
4.473454582	40	5	40	31.005075	0.0056779385	4.473454582	16.43%
1.711654772	45	1	35	31.005075	0.014839441	1.711654772	16.43%
0.6668836051	45	5	35	31.005075	0.038087606	0.6668836051	16.43%
0.5375766047	50	1	30	31.005075	0.04724908	0.5375766047	16.43%
0.360297921	50	5	30	31.005075	0.070497215	0.360297921	16.43%
0.3188601378	55	1	25	31.005075	0.07965875	0.3188601378	16.43%
0.2468250908	55	5	25	31.005075	0.10290688	0.2468250908	16.43%
0.2266473279	60	1	20	31.005075	0.112068385	0.2266473279	16.43%
0.1877080215	60	5	20	31.005075	0.13531654	0.1877080215	16.43%
0.1758052521	65	1	15	31.005075	0.14447805	0.1758052521	16.43%
0.1514372919	65	5	15	31.005075	0.16772619	0.1514372919	16.43%
0.1435939381	70	1	10	31.005075	0.17688769	0.1435939381	16.43%
0.1269138065	70	5	10	31.005075	0.20013583	0.1269138065	16.43%
0.1213584463	75	1	5	31.005075	0.20929734	0.1213584463	16.43%
0.1092259364	75	5	5	31.005075	0.2325455	0.1092259364	16.43%
-0.1039119112	5	1	75	31.005075	-0.24443781	-0.1039119112	16.43%
-0.1148335673	5	5	75	31.005075	-0.22118968	-0.1148335673	16.43%
-0.1197954479	10	1	70	31.005075	-0.21202809	-0.1197954479	16.43%
-0.1345481869	10	5	70	31.005075	-0.18877995	-0.1345481869	16.43%
-0.1414108392	15	1	65	31.005075	-0.17961848	-0.1414108392	16.43%
-0.1624348965	15	5	65	31.005075	-0.15637034	-0.1624348965	16.43%
-0.172544021	20	1	60	31.005075	-0.14720881	-0.172544021	16.43%
-0.2049036939	20	5	60	31.005075	-0.123960674	-0.2049036939	16.43%
-0.2212560129	25	1	55	31.005075	-0.11479914	-0.2212560129	16.43%
-0.277440971	25	5	55	31.005075	-0.091551006	-0.277440971	16.43%
-0.3082915997	30	1	50	31.005075	-0.08238953	-0.3082915997	16.43%
-0.4294794128	30	5	50	31.005075	-0.059141368	-0.4294794128	16.43%
-0.5082046438	35	1	45	31.005075	-0.049979866	-0.5082046438	16.43%
-0.9501827418	35	5	45	31.005075	-0.0267317	-0.9501827418	16.43%
-1.44562731	40	1	40	31.005075	-0.017570227	-1.44562731	16.43%
3.46278968	50	1	35	30.672832	0.0073351264	3.46278968	16.20%
0.8305196483	50	5	35	30.672832	0.030583262	0.8305196483	16.20%
0.639077876	55	1	30	30.672832	0.039744765	0.639077876	16.20%
0.4032198534	55	5	30	30.672832	0.06299293	0.4032198534	16.20%
0.3520227379	60	1	25	30.672832	0.07215443	0.3520227379	16.20%
0.2662402072	60	5	25	30.672832	0.09540257	0.2662402072	16.20%
0.2429132684	65	1	20	30.672832	0.10456407	0.2429132684	16.20%
0.1987290417	65	5	20	30.672832	0.12781222	0.1987290417	16.20%
0.1854370313	70	1	15	30.672832	0.13697372	0.1854370313	16.20%
0.1585301682	70	5	15	30.672832	0.16022187	0.1585301682	16.20%
0.1499556804	75	1	10	30.672832	0.16938338	0.1499556804	16.20%
0.1318579707	75	5	10	30.672832	0.19263151	0.1318579707	16.20%
0.1258715427	80	1	5	30.672832	0.20179303	0.1258715427	16.20%
0.1128682315	80	5	5	30.672832	0.22504118	0.1128682315	16.20%
-0.08932597817	5	1	80	30.672832	-0.28435177	-0.08932597817	16.20%
-0.0972793829	5	5	80	30.672832	-0.26110363	-0.0972793829	16.20%
-0.1008168147	10	1	75	30.672832	-0.2519421	-0.1008168147	16.20%
-0.1110654606	10	5	75	30.672832	-0.22869396	-0.1110654606	16.20%
-0.1157004457	15	1	70	30.672832	-0.21953243	-0.1157004457	16.20%
-0.1294041347	15	5	70	30.672832	-0.1962843	-0.1294041347	16.20%
-0.1357397678	20	1	65	30.672832	-0.18712276	-0.1357397678	16.20%
-0.1549965361	20	5	65	30.672832	-0.16387463	-0.1549965361	16.20%
-0.164174797	25	1	60	30.672832	-0.15471315	-0.164174797	16.20%
-0.1932073322	25	5	60	30.672832	-0.13146499	-0.1932073322	16.20%
-0.2076800983	30	1	55	30.672832	-0.122303486	-0.2076800983	16.20%
-0.2564223709	30	5	55	30.672832	-0.09905532	-0.2564223709	16.20%
-0.2825554807	35	1	50	30.672832	-0.08989385	-0.2825554807	16.20%
-0.3811199766	35	5	50	30.672832	-0.06664568	-0.3811199766	16.20%
-0.4418606998	40	1	45	30.672832	-0.05748418	-0.4418606998	16.20%
-0.7419087981	40	5	45	30.672832	-0.034236014	-0.7419087981	16.20%
-1.012979619	45	1	40	30.672832	-0.025074542	-1.012979619	16.20%
-13.90709785	45	5	40	30.672832	-0.0018264055	-13.90709785	16.20%
1.100568665	55	5	35	30.340588	0.023078978	1.100568665	15.97%
0.7878301947	60	1	30	30.340588	0.03224045	0.7878301947	15.97%
0.4577517978	60	5	30	30.340588	0.055488586	0.4577517978	15.97%
0.3928840349	65	1	25	30.340588	0.06465012	0.3928840349	15.97%
0.2889704726	65	5	25	30.340588	0.087898254	0.2889704726	15.97%
0.2616944447	70	1	20	30.340588	0.09705976	0.2616944447	15.97%
0.2111249728	70	5	20	30.340588	0.12030789	0.2111249728	15.97%
0.1961853383	75	1	15	30.340588	0.12946941	0.1961853383	15.97%
0.166320101	75	5	15	30.340588	0.15271756	0.166320101	15.97%
0.1569072615	80	1	10	30.340588	0.16187906	0.1569072615	15.97%
0.137202961	80	5	10	30.340588	0.1851272	0.137202961	15.97%
0.1307332716	85	1	5	30.340588	0.19428872	0.1307332716	15.97%
0.1167618161	85	5	5	30.340588	0.21753687	0.1167618161	15.97%
-0.07833082078	5	1	85	30.340588	-0.32426572	-0.07833082078	15.97%
-0.08438045379	5	5	85	30.340588	-0.30101758	-0.08438045379	15.97%
-0.08702920498	10	1	80	30.340588	-0.29185605	-0.08702920498	15.97%
-0.09456162682	10	5	80	30.340588	-0.2686079	-0.09456162682	15.97%
-0.09790074591	15	1	75	30.340588	-0.25944644	-0.09790074591	15.97%
-0.1075367604	15	5	75	30.340588	-0.2361983	-0.1075367604	15.97%
-0.1118761807	20	1	70	30.340588	-0.22703671	-0.1118761807	15.97%
-0.1246389763	20	5	70	30.340588	-0.20378858	-0.1246389763	15.97%
-0.1305059778	25	1	65	30.340588	-0.1946271	-0.1305059778	15.97%
-0.1482095499	25	5	65	30.340588	-0.17137897	-0.1482095499	15.97%
-0.1565799584	30	1	60	30.340588	-0.16221744	-0.1565799584	15.97%
-0.1827741811	30	5	60	30.340588	-0.1389693	-0.1827741811	15.97%
-0.1956739117	35	1	55	30.340588	-0.1298078	-0.1956739117	15.97%
-0.2383641821	35	5	55	30.340588	-0.106559634	-0.2383641821	15.97%
-0.260785214	40	1	50	30.340588	-0.09739816	-0.260785214	15.97%
-0.3425489059	40	5	50	30.340588	-0.074149996	-0.3425489059	15.97%
-0.3908384152	45	1	45	30.340588	-0.064988494	-0.3908384152	15.97%
-0.6085237697	45	5	45	30.340588	-0.041740358	-0.6085237697	15.97%
-0.7796467746	50	1	40	30.340588	-0.032578856	-0.7796467746	15.97%
-2.722199537	50	5	40	30.340588	-0.00933069	-2.722199537	15.97%
-150.129046	55	1	35	30.340588	-0.00016918778	-150.129046	15.97%
1.630856943	60	5	35	30.008345	0.015574634	1.630856943	15.76%
1.026837821	65	1	30	30.008345	0.024736136	1.026837821	15.76%
0.5293397828	65	5	30	30.008345	0.047984302	0.5293397828	15.76%
0.4444773117	70	1	25	30.008345	0.057145774	0.4444773117	15.76%
0.3159442117	70	5	25	30.008345	0.08039394	0.3159442117	15.76%
0.2836231947	75	1	20	30.008345	0.08955544	0.2836231947	15.76%
0.2251701586	75	5	20	30.008345	0.11280358	0.2251701586	15.76%
0.2082563048	80	1	15	30.008345	0.121965095	0.2082563048	15.76%
0.1749151679	80	5	15	30.008345	0.14521325	0.1749151679	15.76%
0.1645346794	85	1	10	30.008345	0.15437475	0.1645346794	15.76%
0.1429995955	85	5	10	30.008345	0.17762288	0.1429995955	15.76%
0.1359856605	90	1	5	30.008345	0.1867844	0.1359856605	15.76%
0.1209336362	90	5	5	30.008345	0.21003255	0.1209336362	15.76%
-0.06974579333	5	1	90	30.008345	-0.36417967	-0.06974579333	15.76%
-0.07450176286	5	5	90	30.008345	-0.34093153	-0.07450176286	15.76%
-0.076559062	10	1	85	30.008345	-0.33177	-0.076559062	15.76%
-0.08232803723	10	5	85	30.008345	-0.30852187	-0.08232803723	15.76%
-0.08484756167	15	1	80	30.008345	-0.2993604	-0.08484756167	15.76%
-0.09199156894	15	5	80	30.008345	-0.27611226	-0.09199156894	15.76%
-0.0951486441	20	1	75	30.008345	-0.26695073	-0.0951486441	15.76%
-0.1042254003	20	5	75	30.008345	-0.24370259	-0.1042254003	15.76%
-0.1082966027	25	1	70	30.008345	-0.23454106	-0.1082966027	15.76%
-0.1202122627	25	5	70	30.008345	-0.21129292	-0.1202122627	15.76%
-0.1256608387	30	1	65	30.008345	-0.20213139	-0.1256608387	15.76%
-0.1419920535	30	5	65	30.008345	-0.17888325	-0.1419920535	15.76%
-0.1496566911	35	1	60	30.008345	-0.16972178	-0.1496566911	15.76%
-0.1734100297	35	5	60	30.008345	-0.14647365	-0.1734100297	15.76%
-0.1849800429	40	1	55	30.008345	-0.13731211	-0.1849800429	15.76%
-0.2226821007	40	5	55	30.008345	-0.11406395	-0.2226821007	15.76%
-0.2421296519	45	1	50	30.008345	-0.104902476	-0.2421296519	15.76%
-0.3110674746	45	5	50	30.008345	-0.08165431	-0.3110674746	15.76%
-0.3503795756	50	1	45	30.008345	-0.07249281	-0.3503795756	15.76%
-0.5157921546	50	5	45	30.008345	-0.049244642	-0.5157921546	15.76%
-0.6336824158	55	1	40	30.008345	-0.04008317	-0.6336824158	15.76%
-1.508758462	55	5	40	30.008345	-0.016835034	-1.508758462	15.76%
-3.310092315	60	1	35	30.008345	-0.007673502	-3.310092315	15.76%
3.147323226	65	5	35	29.676102	0.00807035	3.147323226	15.55%
1.474017083	70	1	30	29.676102	0.017231822	1.474017083	15.55%
0.6274710068	70	5	30	29.676102	0.040479958	0.6274710068	15.55%
0.5116687674	75	1	25	29.676102	0.04964149	0.5116687674	15.55%
0.3484720857	75	5	25	29.676102	0.072889626	0.3484720857	15.55%
0.3095630737	80	1	20	29.676102	0.08205113	0.3095630737	15.55%
0.2412172605	80	5	20	29.676102	0.105299264	0.2412172605	15.55%
0.2219100726	85	1	15	29.676102	0.11446078	0.2219100726	15.55%
0.1844470072	85	5	15	29.676102	0.13770893	0.1844470072	15.55%
0.1729415513	90	1	10	29.676102	0.14687043	0.1729415513	15.55%
0.149307627	90	5	10	29.676102	0.17011857	0.149307627	15.55%
0.1416777513	95	1	5	29.676102	0.17928009	0.1416777513	15.55%
0.1254146088	95	5	5	29.676102	0.20252824	0.1254146088	15.55%
-0.06285672117	5	1	95	29.676102	-0.40409362	-0.06285672117	15.55%
-0.06669371175	5	5	95	29.676102	-0.3808455	-0.06669371175	15.55%
-0.06833762748	10	1	90	29.676102	-0.37168396	-0.06833762748	15.55%
-0.07289721246	10	5	90	29.676102	-0.34843582	-0.07289721246	15.55%
-0.0748656655	15	1	85	29.676102	-0.33927435	-0.0748656655	15.55%
-0.08037308299	15	5	85	29.676102	-0.3160262	-0.08037308299	15.55%
-0.08277264102	20	1	80	29.676102	-0.30686468	-0.08277264102	15.55%
-0.08955754132	20	5	80	29.676102	-0.28361654	-0.08955754132	15.55%
-0.09254702418	25	1	75	29.676102	-0.27445507	-0.09254702418	15.55%
-0.1011118603	25	5	75	29.676102	-0.25120693	-0.1011118603	15.55%
-0.1049390168	30	1	70	29.676102	-0.24204534	-0.1049390168	15.55%
-0.116089237	30	5	70	29.676102	-0.2187972	-0.116089237	15.55%
-0.1211625518	35	1	65	29.676102	-0.20963573	-0.1211625518	15.55%
-0.1362751599	35	5	65	29.676102	-0.1863876	-0.1362751599	15.55%
-0.1433197723	40	1	60	29.676102	-0.17722607	-0.1433197723	15.55%
-0.1649587054	40	5	60	29.676102	-0.15397793	-0.1649587054	15.55%
-0.1753944995	45	1	55	29.676102	-0.1448164	-0.1753944995	15.55%
-0.2089361154	45	5	55	29.676102	-0.12156826	-0.2089361154	15.55%
-0.2259649973	50	1	50	29.676102	-0.11240679	-0.2259649973	15.55%
-0.2848854134	50	5	50	29.676102	-0.089158654	-0.2848854134	15.55%
-0.3175114304	55	1	45	29.676102	-0.07999712	-0.3175114304	15.55%
-0.4475850899	55	5	45	29.676102	-0.056748986	-0.4475850899	15.55%
-0.5337537912	60	1	40	29.676102	-0.047587484	-0.5337537912	15.55%
-1.043578953	60	5	40	29.676102	-0.024339318	-1.043578953	15.55%
-1.673495054	65	1	35	29.676102	-0.015177816	-1.673495054	15.55%
44.87587316	70	5	35	29.343857	0.0005660057	44.87587316	15.35%
2.611151798	75	1	30	29.343857	0.009727508	2.611151798	15.35%
0.7702654723	75	5	30	29.343857	0.032975644	0.7702654723	15.35%
0.6027935542	80	1	25	29.343857	0.042137146	0.6027935542	15.35%
0.3884664614	80	5	25	29.343857	0.06538531	0.3884664614	15.35%
0.3407254936	85	1	20	29.343857	0.074546814	0.3407254936	15.35%
0.2597271127	85	5	20	29.343857	0.09779495	0.2597271127	15.35%
0.2374797897	90	1	15	29.343857	0.10695647	0.2374797897	15.35%
0.1950775633	90	5	15	29.343857	0.13020462	0.1950775633	15.35%
0.1822537644	95	1	10	29.343857	0.13936612	0.1822537644	15.35%
0.1561978636	95	5	10	29.343857	0.16261426	0.1561978636	15.35%
0.1478671876	100	1	5	29.343857	0.17177577	0.1478671876	15.35%
0.1302404341	100	5	5	29.343857	0.19502392	0.1302404341	15.35%
-0.05720622285	5	1	100	29.343857	-0.44400764	-0.05720622285	15.35%
-0.06036702677	5	5	100	29.343857	-0.4207595	-0.06036702677	15.35%
-0.0617107133	10	1	95	29.343857	-0.4115979	-0.0617107133	15.35%
-0.06540495698	10	5	95	29.343857	-0.38834977	-0.06540495698	15.35%
-0.06698518915	15	1	90	29.343857	-0.3791883	-0.06698518915	15.35%
-0.07136030955	15	5	90	29.343857	-0.35594016	-0.07136030955	15.35%
-0.07324557456	20	1	85	29.343857	-0.34677863	-0.07324557456	15.35%
-0.07850882683	20	5	85	29.343857	-0.3235305	-0.07850882683	15.35%
-0.08079676553	25	1	80	29.343857	-0.31436902	-0.08079676553	15.35%
-0.08724897457	25	5	80	29.343857	-0.2911209	-0.08724897457	15.35%
-0.09008390749	30	1	75	29.343857	-0.28195935	-0.09008390749	15.35%
-0.09817896572	30	5	75	29.343857	-0.25871122	-0.09817896572	15.35%
-0.1017833362	35	1	70	29.343857	-0.24954969	-0.1017833362	15.35%
-0.1122396201	35	5	70	29.343857	-0.22630155	-0.1122396201	15.35%
-0.1169752126	40	1	65	29.343857	-0.21714002	-0.1169752126	15.35%
-0.1310008444	40	5	65	29.343857	-0.19389188	-0.1310008444	15.35%
-0.1374976648	45	1	60	29.343857	-0.18473041	-0.1374976648	15.35%
-0.1572928099	45	5	60	29.343857	-0.16148227	-0.1572928099	15.35%
-0.1667533916	50	1	55	29.343857	-0.15232074	-0.1667533916	15.35%
-0.1967884741	50	5	55	29.343857	-0.1290726	-0.1967884741	15.35%
-0.2118235856	55	1	50	29.343857	-0.119911104	-0.2118235856	15.35%
-0.2627687509	55	5	50	29.343857	-0.09666294	-0.2627687509	15.35%
-0.2902809371	60	1	45	29.343857	-0.08750144	-0.2902809371	15.35%
-0.39531062	60	5	45	29.343857	-0.06425327	-0.39531062	15.35%
-0.4610486497	65	1	40	29.343857	-0.0550918	-0.4610486497	15.35%
-0.797646954	65	5	40	29.343857	-0.031843662	-0.797646954	15.35%
-1.119824285	70	1	35	29.343857	-0.02268213	-1.119824285	15.35%
11.4250059	80	1	30	29.011614	0.0022231936	11.4250059	15.15%
0.9971995966	80	5	30	29.011614	0.02547133	0.9971995966	15.15%
0.7334075211	85	1	25	29.011614	0.03463286	0.7334075211	15.15%
0.4388314106	85	5	25	29.011614	0.057880998	0.4388314106	15.15%
0.3788641533	90	1	20	29.011614	0.0670425	0.3788641533	15.15%
0.2813137788	90	5	20	29.011614	0.090290636	0.2813137788	15.15%
0.2553992302	95	1	15	29.011614	0.09945214	0.2553992302	15.15%
0.2070084521	95	5	15	29.011614	0.122700304	0.2070084521	15.15%
0.1926259159	100	1	10	29.011614	0.1318618	0.1926259159	15.15%
0.163754818	100	5	10	29.011614	0.15510994	0.163754818	15.15%
-0.05625543618	10	1	100	29.011614	-0.45151192	-0.05625543618	15.15%
-0.05930924161	10	5	100	29.011614	-0.42826378	-0.05930924161	15.15%
-0.06060573524	15	1	95	29.011614	-0.41910225	-0.06060573524	15.15%
-0.06416505151	15	5	95	29.011614	-0.39585412	-0.06416505151	15.15%
-0.06568525313	20	1	90	29.011614	-0.38669258	-0.06568525313	15.15%
-0.06988688368	20	5	90	29.011614	-0.36344445	-0.06988688368	15.15%
-0.0716941017	25	1	85	29.011614	-0.35428298	-0.0716941017	15.15%
-0.07672908386	25	5	85	29.011614	-0.33103484	-0.07672908386	15.15%
-0.07891303814	30	1	80	29.011614	-0.3218733	-0.07891303814	15.15%
-0.08505646058	30	5	80	29.011614	-0.29862517	-0.08505646058	15.15%
-0.08774848107	35	1	75	29.011614	-0.2894637	-0.08774848107	15.15%
-0.0954114027	35	5	75	29.011614	-0.26621556	-0.0954114027	15.15%
-0.09881193432	40	1	70	29.011614	-0.25705397	-0.09881193432	15.15%
-0.1086371495	40	5	70	29.011614	-0.23380584	-0.1086371495	15.15%
-0.1130676061	45	1	65	29.011614	-0.22464436	-0.1130676061	15.15%
-0.1261195406	45	5	65	29.011614	-0.20139623	-0.1261195406	15.15%
-0.1321301513	50	1	60	29.011614	-0.1922347	-0.1321301513	15.15%
-0.1503078115	50	5	60	29.011614	-0.16898656	-0.1503078115	15.15%
-0.1589237931	55	1	55	29.011614	-0.15982503	-0.1589237931	15.15%
-0.1859758265	55	5	55	29.011614	-0.13657689	-0.1859758265	15.15%
-0.1993479282	60	1	50	29.011614	-0.12741542	-0.1993479282	15.15%
-0.2438385643	60	5	50	29.011614	-0.10416728	-0.2438385643	15.15%
-0.2673522392	65	1	45	29.011614	-0.09500575	-0.2673522392	15.15%
-0.353969401	65	5	45	29.011614	-0.071757615	-0.353969401	15.15%
-0.4057760139	70	1	40	29.011614	-0.06259611	-0.4057760139	15.15%
-0.6455224025	70	5	40	29.011614	-0.039347976	-0.6455224025	15.15%
-0.8414372742	75	1	35	29.011614	-0.030186445	-0.8414372742	15.15%
-3.660834626	75	5	35	29.011614	-0.0069383085	-3.660834626	15.15%
1.413701641	85	5	30	28.679369	0.017967016	1.413701641	14.97%
0.9362840978	90	1	25	28.679369	0.027128518	0.9362840978	14.97%
0.5042015172	90	5	25	28.679369	0.050376683	0.5042015172	14.97%
0.4266169614	95	1	20	28.679369	0.059538186	0.4266169614	14.97%
0.306813976	95	5	20	28.679369	0.08278632	0.306813976	14.97%
0.2762435446	100	1	15	28.679369	0.09194785	0.2762435446	14.97%
0.2204937863	100	5	15	28.679369	0.11519599	0.2204937863	14.97%
-0.05533573037	15	1	100	28.679369	-0.45901626	-0.05533573037	14.97%
-0.05828787892	15	5	100	28.679369	-0.43576813	-0.05828787892	14.97%
-0.05953964044	20	1	95	28.679369	-0.42660654	-0.05953964044	14.97%
-0.06297129302	20	5	95	28.679369	-0.4033584	-0.06297129302	14.97%
-0.06443479912	25	1	90	28.679369	-0.39419693	-0.06443479912	14.97%
-0.06847306151	25	5	90	28.679369	-0.3709488	-0.06847306151	14.97%
-0.07020700508	30	1	85	28.679369	-0.36178726	-0.07020700508	14.97%
-0.0750282567	30	5	85	28.679369	-0.33853912	-0.0750282567	14.97%
-0.07711512909	35	1	80	28.679369	-0.32937765	-0.07711512909	14.97%
-0.0829714168	35	5	80	28.679369	-0.30612952	-0.0829714168	14.97%
-0.08553110675	40	1	75	28.679369	-0.29696798	-0.08553110675	14.97%
-0.09279560836	40	5	75	28.679369	-0.27371985	-0.09279560836	14.97%
-0.09600907656	45	1	70	28.679369	-0.26455832	-0.09600907656	14.97%
-0.1052587172	45	5	70	28.679369	-0.24131018	-0.1052587172	14.97%
-0.1094126543	50	1	65	28.679369	-0.23214865	-0.1094126543	14.97%
-0.1215889803	50	5	65	28.679369	-0.20890051	-0.1215889803	14.97%
-0.1271659261	55	1	60	28.679369	-0.19973904	-0.1271659261	14.97%
-0.1439167685	55	5	60	28.679369	-0.1764909	-0.1439167685	14.97%
-0.151796424	60	1	55	28.679369	-0.16732937	-0.151796424	14.97%
-0.1762894445	60	5	55	28.679369	-0.14408123	-0.1762894445	14.97%
-0.1882600862	65	1	50	28.679369	-0.13491973	-0.1882600862	14.97%
-0.227452699	65	5	50	28.679369	-0.11167157	-0.227452699	14.97%
-0.2477805472	70	1	45	28.679369	-0.102510065	-0.2477805472	14.97%
-0.3204564915	70	5	45	28.679369	-0.07926193	-0.3204564915	14.97%
-0.3623372924	75	1	40	28.679369	-0.07010043	-0.3623372924	14.97%
-0.5421293175	75	5	40	28.679369	-0.04685229	-0.5421293175	14.97%
-0.6739052224	80	1	35	28.679369	-0.03769076	-0.6739052224	14.97%
-1.758683308	80	5	35	28.679369	-0.014442623	-1.758683308	14.97%
-4.80958539	85	1	30	28.679369	-0.0052811205	-4.80958539	14.97%
2.427671401	90	5	30	28.347126	0.010462701	2.427671401	14.79%
1.294318102	95	1	25	28.347126	0.019624233	1.294318102	14.79%
0.592456167	95	5	25	28.347126	0.04287237	0.592456167	14.79%
0.488143588	100	1	20	28.347126	0.05203387	0.488143588	14.79%
0.3373980052	100	5	20	28.347126	0.07528201	0.3373980052	14.79%
-0.05444561874	20	1	100	28.347126	-0.46652055	-0.05444561874	14.79%
-0.05730110875	20	5	100	28.347126	-0.4432724	-0.05730110875	14.79%
-0.05851039716	25	1	95	28.347126	-0.43411088	-0.05851039716	14.79%
-0.06182113277	25	5	95	28.347126	-0.41086274	-0.06182113277	14.79%
-0.06323107822	30	1	90	28.347126	-0.4017012	-0.06323107822	14.79%
-0.06711532114	30	5	90	28.347126	-0.37845308	-0.06711532114	14.79%
-0.06878033511	35	1	85	28.347126	-0.3692916	-0.06878033511	14.79%
-0.07340118281	35	5	85	28.347126	-0.34604347	-0.07340118281	14.79%
-0.07539733356	40	1	80	28.347126	-0.33688194	-0.07539733356	14.79%
-0.08098616922	40	5	80	28.347126	-0.3136338	-0.08098616922	14.79%
-0.08342301581	45	1	75	28.347126	-0.30447233	-0.08342301581	14.79%
-0.09031939641	45	5	75	28.347126	-0.2812242	-0.09031939641	14.79%
-0.09336086621	50	1	70	28.347126	-0.2720626	-0.09336086621	14.79%
-0.1020840991	50	5	70	28.347126	-0.24881446	-0.1020840991	14.79%
-0.1059865767	55	1	65	28.347126	-0.23965299	-0.1059865767	14.79%
-0.1173725951	55	5	65	28.347126	-0.21640486	-0.1173725951	14.79%
-0.1225612483	60	1	60	28.347126	-0.20724332	-0.1225612483	14.79%
-0.138047087	60	5	60	28.347126	-0.18399519	-0.138047087	14.79%
-0.1452809488	65	1	55	28.347126	-0.17483366	-0.1452809488	14.79%
-0.1675621788	65	5	55	28.347126	-0.15158552	-0.1675621788	14.79%
-0.1783406665	70	1	50	28.347126	-0.14242405	-0.1783406665	14.79%
-0.2131303214	70	5	50	28.347126	-0.11917591	-0.2131303214	14.79%
-0.2308789087	75	1	45	28.347126	-0.11001438	-0.2308789087	14.79%
-0.2927405867	75	5	45	28.347126	-0.08676624	-0.2927405867	14.79%
-0.3272995954	80	1	40	28.347126	-0.07760474	-0.3272995954	14.79%
-0.4672845186	80	5	40	28.347126	-0.054356605	-0.4672845186	14.79%
-0.562008164	85	1	35	28.347126	-0.045195073	-0.562008164	14.79%
-1.157336899	85	5	35	28.347126	-0.021946937	-1.157336899	14.79%
-1.986635574	90	1	30	28.347126	-0.012785435	-1.986635574	14.79%
8.58575945	95	5	30	28.014881	0.0029583871	8.58575945	14.61%
2.095728765	100	1	25	28.014881	0.012119889	2.095728765	14.61%
0.7181621947	100	5	25	28.014881	0.035368055	0.7181621947	14.61%
-0.05358368305	25	1	100	28.014881	-0.4740249	-0.05358368305	14.61%
-0.0563471817	25	5	100	28.014881	-0.45077676	-0.0563471817	14.61%
-0.05751614143	30	1	95	28.014881	-0.44161516	-0.05751614143	14.61%
-0.06071224112	30	5	95	28.014881	-0.41836703	-0.06071224112	14.61%
-0.06207149287	35	1	90	28.014881	-0.40920556	-0.06207149287	14.61%
-0.06581036841	35	5	90	28.014881	-0.38595742	-0.06581036841	14.61%
-0.06741049996	40	1	85	28.014881	-0.3767959	-0.06741049996	14.61%
-0.07184319516	40	5	85	28.014881	-0.35354775	-0.07184319516	14.61%
-0.07375438998	45	1	80	28.014881	-0.34438628	-0.07375438998	14.61%
-0.07909368847	45	5	80	28.014881	-0.32113814	-0.07909368847	14.61%
-0.08141636264	50	1	75	28.014881	-0.3119766	-0.08141636264	14.61%
-0.08797192435	50	5	75	28.014881	-0.28872848	-0.08797192435	14.61%
-0.09085480565	55	1	70	28.014881	-0.27956694	-0.09085480565	14.61%
-0.09909534533	55	5	70	28.014881	-0.2563188	-0.09909534533	14.61%
-0.1027685691	60	1	65	28.014881	-0.24715728	-0.1027685691	14.61%
-0.1134388708	60	5	65	28.014881	-0.22390914	-0.1134388708	14.61%
-0.1182783497	65	1	60	28.014881	-0.21474767	-0.1182783497	14.61%
-0.1326374013	65	5	60	28.014881	-0.19149953	-0.1326374013	14.61%
-0.1393017363	70	1	55	28.014881	-0.182338	-0.1393017363	14.61%
-0.1596581957	70	5	55	28.014881	-0.15908986	-0.1596581957	14.61%
-0.1694142117	75	1	50	28.014881	-0.14992839	-0.1694142117	14.61%
-0.2005048459	75	5	50	28.014881	-0.12668023	-0.2005048459	14.61%
-0.2161358334	80	1	45	28.014881	-0.11751869	-0.2161358334	14.61%
-0.2694372453	80	5	45	28.014881	-0.09427056	-0.2694372453	14.61%
-0.2984406301	85	1	40	28.014881	-0.085109055	-0.2984406301	14.61%
-0.4105984845	85	5	40	28.014881	-0.06186092	-0.4105984845	14.61%
-0.4819790409	90	1	35	28.014881	-0.052699387	-0.4819790409	14.61%
-0.8624421421	90	5	35	28.014881	-0.029451251	-0.8624421421	14.61%
-1.251863687	95	1	30	28.014881	-0.020289749	-1.251863687	14.61%
-0.05274862055	30	1	100	27.682638	-0.48152918	-0.05274862055	14.45%
-0.05542450545	30	5	100	27.682638	-0.45828104	-0.05542450545	14.45%
-0.05655510393	35	1	95	27.682638	-0.4491195	-0.05655510393	14.45%
-0.05964242208	35	5	95	27.682638	-0.42587137	-0.05964242208	14.45%
-0.06095368422	40	1	90	27.682638	-0.41670984	-0.06095368422	14.45%
-0.06455520321	40	5	90	27.682638	-0.3934617	-0.06455520321	14.45%
-0.06609415768	45	1	85	27.682638	-0.38430023	-0.06609415768	14.45%
-0.0703499578	45	5	85	27.682638	-0.3610521	-0.0703499578	14.45%
-0.0721815328	50	1	80	27.682638	-0.35189056	-0.0721815328	14.45%
-0.07728764664	50	5	80	27.682638	-0.32864243	-0.07728764664	14.45%
-0.07950395542	55	1	75	27.682638	-0.31948096	-0.07950395542	14.45%
-0.08574336902	55	5	75	27.682638	-0.29623282	-0.08574336902	14.45%
-0.08847978253	60	1	70	27.682638	-0.28707123	-0.08847978253	14.45%
-0.09627663385	60	5	70	27.682638	-0.2638231	-0.09627663385	14.45%
-0.09974019642	65	1	65	27.682638	-0.25466162	-0.09974019642	14.45%
-0.1097602439	65	5	65	27.682638	-0.23141348	-0.1097602439	14.45%
-0.1142847116	70	1	60	27.682638	-0.22225195	-0.1142847116	14.45%
-0.1276357409	70	5	60	27.682638	-0.19900382	-0.1276357409	14.45%
-0.1337952747	75	1	55	27.682638	-0.18984228	-0.1337952747	14.45%
-0.1524663381	75	5	55	27.682638	-0.16659415	-0.1524663381	14.45%
-0.1613388021	80	1	50	27.682638	-0.15743268	-0.1613388021	14.45%
-0.1892915533	80	5	50	27.682638	-0.13418454	-0.1892915533	14.45%
-0.2031626181	85	1	45	27.682638	-0.125023	-0.2031626181	14.45%
-0.249570449	85	5	45	27.682638	-0.10177487	-0.249570449	14.45%
-0.2742584575	90	1	40	27.682638	-0.09261337	-0.2742584575	14.45%
-0.3661776945	90	5	40	27.682638	-0.06936523	-0.3661776945	14.45%
-0.4219009795	95	1	35	27.682638	-0.0602037	-0.4219009795	14.45%
-0.6873119109	95	5	35	27.682638	-0.036955565	-0.6873119109	14.45%
-0.9138642306	100	1	30	27.682638	-0.027794063	-0.9138642306	14.45%
-5.587419244	100	5	30	27.682638	-0.004545927	-5.587419244	14.45%
-0.05193917996	35	1	100	27.350395	-0.48903352	-0.05193917996	14.29%
-0.05453155271	35	5	100	27.350395	-0.46578538	-0.05453155271	14.29%
-0.05562565946	40	1	95	27.350395	-0.4566238	-0.05562565946	14.29%
-0.0586096598	40	5	95	27.350395	-0.43337566	-0.0586096598	14.29%
-0.05987541482	45	1	90	27.350395	-0.42421418	-0.05987541482	14.29%
-0.06334700905	45	5	90	27.350395	-0.40096605	-0.06334700905	14.29%
-0.06482824649	50	1	85	27.350395	-0.39180452	-0.06482824649	14.29%
-0.06891754255	50	5	85	27.350395	-0.36855638	-0.06891754255	14.29%
-0.07067434735	55	1	80	27.350395	-0.3593949	-0.07067434735	14.29%
-0.07556223134	55	5	80	27.350395	-0.33614677	-0.07556223134	14.29%
-0.07767934724	60	1	75	27.350395	-0.32698524	-0.07767934724	14.29%
-0.08362495066	60	5	75	27.350395	-0.3037371	-0.08362495066	14.29%
-0.08622575185	65	1	70	27.350395	-0.29457557	-0.08622575185	14.29%
-0.09361382689	65	5	70	27.350395	-0.27132744	-0.09361382689	14.29%
-0.0968851944	70	1	65	27.350395	-0.26216596	-0.0968851944	14.29%
-0.1063127284	70	5	65	27.350395	-0.23891777	-0.1063127284	14.29%
-0.1105519196	75	1	60	27.350395	-0.2297563	-0.1105519196	14.29%
-0.122997561	75	5	60	27.350395	-0.20650816	-0.122997561	14.29%
-0.1287075437	80	1	55	27.350395	-0.19734663	-0.1287075437	14.29%
-0.1458944302	80	5	55	27.350395	-0.17409849	-0.1458944302	14.29%
-0.1539982306	85	1	50	27.350395	-0.16493696	-0.1539982306	14.29%
-0.1792660467	85	5	50	27.350395	-0.14168885	-0.1792660467	14.29%
-0.1916585954	90	1	45	27.350395	-0.13252732	-0.1916585954	14.29%
-0.2324321852	90	5	45	27.350395	-0.109279186	-0.2324321852	14.29%
-0.2537014441	95	1	40	27.350395	-0.10011768	-0.2537014441	14.29%
-0.3304299297	95	5	40	27.350395	-0.07686955	-0.3304299297	14.29%
-0.3751402253	100	1	35	27.350395	-0.067708015	-0.3751402253	14.29%
-0.571301587	100	5	35	27.350395	-0.04445988	-0.571301587	14.29%
-0.05115421223	40	1	100	27.01815	-0.4965378	-0.05115421223	14.13%
-0.05366692242	40	5	100	27.01815	-0.47328967	-0.05366692242	14.13%
-0.0547262659	45	1	95	27.01815	-0.46412814	-0.0547262659	14.13%
-0.05761204863	45	5	95	27.01815	-0.44088	-0.05761204863	14.13%
-0.05883463823	50	1	90	27.01815	-0.43171847	-0.05883463823	14.13%
-0.06218321904	50	5	90	27.01815	-0.40847033	-0.06218321904	14.13%
-0.06360990838	55	1	85	27.01815	-0.39930886	-0.06360990838	14.13%
-0.06754228413	55	5	85	27.01815	-0.37606072	-0.06754228413	14.13%
-0.06922882361	60	1	80	27.01815	-0.3668992	-0.06922882361	14.13%
-0.0739121829	60	5	80	27.01815	-0.34365106	-0.0739121829	14.13%
-0.07593659569	65	1	75	27.01815	-0.33448958	-0.07593659569	14.13%
-0.08160866748	65	5	75	27.01815	-0.31124145	-0.08160866748	14.13%
-0.08408372541	70	1	70	27.01815	-0.30207986	-0.08408372541	14.13%
-0.09109437047	70	5	70	27.01815	-0.27883172	-0.09109437047	14.13%
-0.09418910688	75	1	65	27.01815	-0.26967025	-0.09418910688	14.13%
-0.1030751664	75	5	65	27.01815	-0.24642211	-0.1030751664	14.13%
-0.1070552621	80	1	60	27.01815	-0.23726064	-0.1070552621	14.13%
-0.1186846895	80	5	60	27.01815	-0.21401244	-0.1186846895	14.13%
-0.1239925786	85	1	55	27.01815	-0.20485097	-0.1239925786	14.13%
-0.1398657003	85	5	55	27.01815	-0.18160278	-0.1398657003	14.13%
-0.1472965003	90	1	50	27.01815	-0.1724413	-0.1472965003	14.13%
-0.1702490804	90	5	50	27.01815	-0.14919317	-0.1702490804	14.13%
-0.1813875778	95	1	45	27.01815	-0.14003164	-0.1813875778	14.13%
-0.2174964785	95	5	45	27.01815	-0.1167835	-0.2174964785	14.13%
-0.2360112245	100	1	40	27.01815	-0.107622	-0.2360112245	14.13%
-0.3010411044	100	5	40	27.01815	-0.08437386	-0.3010411044	14.13%
-0.05039261101	45	1	100	26.685905	-0.50404215	-0.05039261101	13.98%
-0.05282927824	45	5	100	26.685905	-0.480794	-0.05282927824	13.98%
-0.05385550043	50	1	95	26.685905	-0.47163242	-0.05385550043	13.98%
-0.05664783788	50	5	95	26.685905	-0.44838428	-0.05664783788	13.98%
-0.05782942051	55	1	90	26.685905	-0.4392228	-0.05782942051	13.98%
-0.06106140883	55	5	90	26.685905	-0.41597468	-0.06106140883	13.98%
-0.06243652798	60	1	85	26.685905	-0.40681314	-0.06243652798	13.98%
-0.06622084914	60	5	85	26.685905	-0.383565	-0.06622084914	13.98%
-0.06784123889	65	1	80	26.685905	-0.37440354	-0.06784123889	13.98%
-0.07233264817	65	5	80	26.685905	-0.3511554	-0.07233264817	13.98%
-0.07427033707	70	1	75	26.685905	-0.34199387	-0.07427033707	13.98%
-0.07968734201	70	5	75	26.685905	-0.31874573	-0.07968734201	13.98%
-0.08204553075	75	1	70	26.685905	-0.3095842	-0.08204553075	13.98%
-0.08870695504	75	5	70	26.685905	-0.28633606	-0.08870695504	13.98%
-0.09163901171	80	1	65	26.685905	-0.27717453	-0.09163901171	13.98%
-0.1000289848	80	5	65	26.685905	-0.2539264	-0.1000289848	13.98%
-0.1037730407	85	1	60	26.685905	-0.24476492	-0.1037730407	13.98%
-0.1146639945	85	5	60	26.685905	-0.22151679	-0.1146639945	13.98%
-0.1196108823	90	1	55	26.685905	-0.21235526	-0.1196108823	13.98%
-0.1343154081	90	5	55	26.685905	-0.18910712	-0.1343154081	13.98%
-0.1411537317	95	1	50	26.685905	-0.17994565	-0.1411537317	13.98%
-0.1620958095	95	5	50	26.685905	-0.15669745	-0.1620958095	13.98%
-0.1721613941	100	1	45	26.685905	-0.14753598	-0.1721613941	13.98%
-0.2043643635	100	5	45	26.685905	-0.124287814	-0.2043643635	13.98%
-0.04965336187	50	1	100	26.353662	-0.51154643	-0.04965336187	13.83%
-0.05201738364	50	5	100	26.353662	-0.4882983	-0.05201738364	13.83%
-0.05301200323	55	1	95	26.353662	-0.47913677	-0.05301200323	13.83%
-0.05571536189	55	5	95	26.353662	-0.45588863	-0.05571536189	13.83%
-0.05685797884	60	1	90	26.353662	-0.4467271	-0.05685797884	13.83%
-0.0599793671	60	5	90	26.353662	-0.42347896	-0.0599793671	13.83%
-0.06130564121	65	1	85	26.353662	-0.4143175	-0.06130564121	13.83%
-0.0649501169	65	5	85	26.353662	-0.39106935	-0.0649501169	13.83%
-0.06650818517	70	1	80	26.353662	-0.38190788	-0.06650818517	13.83%
-0.07081922339	70	5	80	26.353662	-0.35865968	-0.07081922339	13.83%
-0.07267562465	75	1	75	26.353662	-0.3494982	-0.07267562465	13.83%
-0.07785438704	75	5	75	26.353662	-0.32625008	-0.07785438704	13.83%
-0.08010380949	80	1	70	26.353662	-0.31708854	-0.08010380949	13.83%
-0.08644149791	80	5	70	26.353662	-0.29384035	-0.08644149791	13.83%
-0.08922333824	85	1	65	26.353662	-0.28467888	-0.08922333824	13.83%
-0.09715766401	85	5	65	26.353662	-0.26143074	-0.09715766401	13.83%
-0.1006860925	90	1	60	26.353662	-0.2522692	-0.1006860925	13.83%
-0.1109068262	90	5	60	26.353662	-0.22902107	-0.1109068262	13.83%
-0.115528305	95	1	55	26.353662	-0.21985954	-0.115528305	13.83%
-0.1291888466	95	5	55	26.353662	-0.1966114	-0.1291888466	13.83%
-0.1355028513	100	1	50	26.353662	-0.18744993	-0.1355028513	13.83%
-0.1546877074	100	5	50	26.353662	-0.1642018	-0.1546877074	13.83%
-0.04893547992	55	1	100	26.02142	-0.5190508	-0.04893547992	13.69%
-0.05123006203	55	5	100	26.02142	-0.49580264	-0.05123006203	13.69%
-0.05219452818	60	1	95	26.02142	-0.48664105	-0.05219452818	13.69%
-0.05481309705	60	5	95	26.02142	-0.4633929	-0.05481309705	13.69%
-0.05591863038	65	1	90	26.02142	-0.45423144	-0.05591863038	13.69%
-0.05893499818	65	5	90	26.02142	-0.4309833	-0.05893499818	13.69%
-0.06021500502	70	1	85	26.02142	-0.42182177	-0.06021500502	13.69%
-0.06372724498	70	5	85	26.02142	-0.39857364	-0.06372724498	13.69%
-0.06522651989	75	1	80	26.02142	-0.38941216	-0.06522651989	13.69%
-0.06936781857	75	5	80	26.02142	-0.36616403	-0.06936781857	13.69%
-0.07114794919	80	1	75	26.02142	-0.35700256	-0.07114794919	13.69%
-0.07610387472	80	5	75	26.02142	-0.33375436	-0.07610387472	13.69%
-0.07825188252	85	1	70	26.02142	-0.32459283	-0.07825188252	13.69%
-0.08428885592	85	5	70	26.02142	-0.3013447	-0.08428885592	13.69%
-0.08693175467	90	1	65	26.02142	-0.29218322	-0.08693175467	13.69%
-0.09444660647	90	5	65	26.02142	-0.26893502	-0.09444660647	13.69%
-0.09777746811	95	1	60	26.02142	-0.25977355	-0.09777746811	13.69%
-0.1073880347	95	5	60	26.02142	-0.23652542	-0.1073880347	13.69%
-0.1117151942	100	1	55	26.02142	-0.22736388	-0.1117151942	13.69%
-0.1244391969	100	5	55	26.02142	-0.20411575	-0.1244391969	13.69%
-0.0482380703	60	1	100	25.689175	-0.52655506	-0.0482380703	13.55%
-0.05046622647	60	5	100	25.689175	-0.5033069	-0.05046622647	13.55%
-0.05140187483	65	1	95	25.689175	-0.4941454	-0.05140187483	13.55%
-0.05393957909	65	5	95	25.689175	-0.47089726	-0.05393957909	13.55%
-0.05500981416	70	1	90	25.689175	-0.46173579	-0.05500981416	13.55%
-0.0579263815	70	5	90	25.689175	-0.4384876	-0.0579263815	13.55%
-0.05916248469	75	1	85	25.689175	-0.42932612	-0.05916248469	13.55%
-0.06254956252	75	5	85	25.689175	-0.40607798	-0.06254956252	13.55%
-0.06399331648	80	1	80	25.689175	-0.39691645	-0.06399331648	13.55%
-0.06797472518	80	5	80	25.689175	-0.3736683	-0.06797472518	13.55%
-0.06968319168	85	1	75	25.689175	-0.36450684	-0.06968319168	13.55%
-0.07443033687	85	5	75	25.689175	-0.3412587	-0.07443033687	13.55%
-0.07648365493	90	1	70	25.689175	-0.3320971	-0.07648365493	13.55%
-0.08224084146	90	5	70	25.689175	-0.30884898	-0.08224084146	13.55%
-0.08475495308	95	1	65	25.689175	-0.2996875	-0.08475495308	13.55%
-0.09188271555	95	5	65	25.689175	-0.27643937	-0.09188271555	13.55%
-0.09503217438	100	1	60	25.689175	-0.2672779	-0.09503217438	13.55%
-0.1040856912	100	5	60	25.689175	-0.2440297	-0.1040856912	13.55%
-0.04756025266	65	1	100	25.356932	-0.5340594	-0.04756025266	13.42%
-0.04972482303	65	5	100	25.356932	-0.51081127	-0.04972482303	13.42%
-0.05063294167	70	1	95	25.356932	-0.5016497	-0.05063294167	13.42%
-0.05309347457	70	5	95	25.356932	-0.47840154	-0.05309347457	13.42%
-0.05413007461	75	1	90	25.356932	-0.46924007	-0.05413007461	13.42%
-0.05695170314	75	5	90	25.356932	-0.44599193	-0.05695170314	13.42%
-0.05814612836	80	1	85	25.356932	-0.43683046	-0.05814612836	13.42%
-0.06141462495	80	5	85	25.356932	-0.41358227	-0.06141462495	13.42%
-0.06280586953	85	1	80	25.356932	-0.4044208	-0.06280586953	13.42%
-0.06663646863	85	5	80	25.356932	-0.38117266	-0.06663646863	13.42%
-0.06827752707	90	1	75	25.356932	-0.37201113	-0.06827752707	13.42%
-0.07282882645	90	5	75	25.356932	-0.348763	-0.07282882645	13.42%
-0.0747935536	95	1	70	25.356932	-0.33960146	-0.0747935536	13.42%
-0.08028997451	95	5	70	25.356932	-0.31635332	-0.08028997451	13.42%
-0.08268449874	100	1	65	25.356932	-0.3071918	-0.08268449874	13.42%
-0.08945436885	100	5	65	25.356932	-0.28394365	-0.08945436885	13.42%
-0.04690122325	70	1	100	25.024689	-0.5415637	-0.04690122325	13.29%
-0.04900489673	70	5	100	25.024689	-0.51831555	-0.04900489673	13.29%
-0.04988667476	75	1	95	25.024689	-0.509154	-0.04988667476	13.29%
-0.05227349575	75	5	95	25.024689	-0.4859059	-0.05227349575	13.29%
-0.05327803046	80	1	90	25.024689	-0.47674435	-0.05327803046	13.29%
-0.05600928713	80	5	90	25.024689	-0.45349622	-0.05600928713	13.29%
-0.05716410882	85	1	85	25.024689	-0.44433475	-0.05716410882	13.29%
-0.06032013367	85	5	85	25.024689	-0.4210866	-0.06032013367	13.29%
-0.06166168931	90	1	80	25.024689	-0.41192514	-0.06166168931	13.29%
-0.06534990216	90	5	80	25.024689	-0.38867694	-0.06534990216	13.29%
-0.06692744304	95	1	75	25.024689	-0.37951547	-0.06692744304	13.29%
-0.07129477744	95	5	75	25.024689	-0.35626733	-0.07129477744	13.29%
-0.0731765358	100	1	70	25.024689	-0.3471058	-0.0731765358	13.29%
-0.07842953199	100	5	70	25.024689	-0.3238576	-0.07842953199	13.29%
-0.04626020568	75	1	100	24.692444	-0.54906803	-0.04626020568	13.17%
-0.04830551297	75	5	100	24.692444	-0.5258199	-0.04830551297	13.17%
-0.04916207977	80	1	95	24.692444	-0.51665837	-0.04916207977	13.17%
-0.05147846871	80	5	95	24.692444	-0.49341017	-0.05147846871	13.17%
-0.05245238655	85	1	90	24.692444	-0.4842487	-0.05245238655	13.17%
-0.05509754695	85	5	90	24.692444	-0.46100056	-0.05509754695	13.17%
-0.05621470992	90	1	85	24.692444	-0.45183903	-0.05621470992	13.17%
-0.05926397411	90	5	85	24.692444	-0.4285909	-0.05926397411	13.17%
-0.06055846059	95	1	80	24.692444	-0.41942942	-0.06055846059	13.17%
-0.06411206183	95	5	80	24.692444	-0.3961813	-0.06411206183	13.17%
-0.06562971714	100	1	75	24.692444	-0.3870198	-0.06562971714	13.17%
-0.0698240286	100	5	75	24.692444	-0.36377162	-0.0698240286	13.17%
-0.04563647066	80	1	100	24.360199	-0.5565724	-0.04563647066	13.05%
-0.04762581559	80	5	100	24.360199	-0.5333242	-0.04762581559	13.05%
-0.04845824097	85	1	95	24.360199	-0.52416265	-0.04845824097	13.05%
-0.05070725643	85	5	95	24.360199	-0.5009145	-0.05070725643	13.05%
-0.05165194302	90	1	90	24.360199	-0.49175304	-0.05165194302	13.05%
-0.0542150204	90	5	90	24.360199	-0.46850485	-0.0542150204	13.05%
-0.0552963244	95	1	85	24.360199	-0.45934337	-0.0552963244	13.05%
-0.05824415786	95	5	85	24.360199	-0.43609524	-0.05824415786	13.05%
-0.05949401511	100	1	80	24.360199	-0.4269337	-0.05949401511	13.05%
-0.06292025747	100	5	80	24.360199	-0.40368557	-0.06292025747	13.05%
-0.04502934052	85	1	100	24.027956	-0.56407666	-0.04502934052	12.93%
-0.04696498058	85	5	100	24.027956	-0.5408285	-0.04696498058	12.93%
-0.04777427101	90	1	95	24.027956	-0.53166693	-0.04777427101	12.93%
-0.04995881348	90	5	95	24.027956	-0.5084188	-0.04995881348	12.93%
-0.05087556752	95	1	90	24.027956	-0.49925733	-0.05087556752	12.93%
-0.0533603132	95	5	90	24.027956	-0.4760092	-0.0533603132	12.93%
-0.05440746289	100	1	85	24.027956	-0.46684772	-0.05440746289	12.93%
-0.05725885366	100	5	85	24.027956	-0.44359952	-0.05725885366	12.93%
-0.04443815001	90	1	100	23.695713	-0.57158095	-0.04443815001	12.82%
-0.0463222335	90	5	100	23.695713	-0.5483328	-0.0463222335	12.82%
-0.04710933241	95	1	95	23.695713	-0.5391713	-0.04710933241	12.82%
-0.0492321395	95	5	95	23.695713	-0.51592314	-0.0492321395	12.82%
-0.05012218763	100	1	90	23.695713	-0.5067616	-0.05012218763	12.82%
-0.05253214559	100	5	90	23.695713	-0.48351347	-0.05253214559	12.82%
-0.04386227728	95	1	100	23.363468	-0.5790853	-0.04386227728	12.71%
-0.04569683764	95	5	100	23.363468	-0.55583715	-0.04569683764	12.71%
-0.04646265537	100	1	95	23.363468	-0.5466756	-0.04646265537	12.71%
-0.04852630947	100	5	95	23.363468	-0.5234274	-0.04852630947	12.71%
-0.04330114053	100	1	100	23.031225	-0.58658963	-0.04330114053	12.61%
-0.04508810855	100	5	100	23.031225	-0.56334144	-0.04508810855	12.61%
							
							
							
							
							
							
							
							
							
							
							
							
							
							
							
							
							
							
							
							
							
							
							
							
							
							
							
							
							
							
							
							
							
							
							
							
							
							
							
							
							
							
							
							
							
							
							
							
							
							
							
							
							
							
							
							
							
							
							
							
							
							
							
							
							
							
							
							
							
							
							
							
							
							
							
							
							
							
							
							
							
							
							
							
							
							
							
							
							
							
							
							
							
							
							
							
							
							
							
							
							
							
							
							
							
							
							
							
							
							
							
							
							
							
							
							
							
							
							
							
							
							
							
							
							
							
							
							
							
							
							
							
							
							
							
							
							
							
							
							
							
							
							
							
							
							
							
							
							
							
							
							
							
							
							
							
							
							
							
							
							
							
							
							
							
							
							
							
							
							
							
							
							
							
							
							
							
							
							
							
							
							
							
							
							
							
							
							
							
							
							
							
							
							
							
							
							
							
							
							
							
							
							
							
							
							
							
							
							
							
							
							
							
							
							
							
							
							
							
							
							
							
							
							
							
							
							
							
							
							
							
							
							
							
							
							
							
							
							
							
							
							
							
							
							
							
							
							
							
							
							
							
							
							
							
							
							
							
							
							
							
							
							
							
							
							
							
							
							
							
							
							
							
							
							
							
							
							
							
							
							
							
							
							
							
							
							
							
							
							
							
							
							
							
							
							
							
							
							
							
							
							
							
							
							
							
							
							
							
							
							
							
							
							
							
							
							
							
							
							
							
							
							
							
							
							
							
							
							
							
							
							
							
							
							
							
							
							
							
							
							
							
							
							
							
							
							
							
							
							
							
							
							
							
							
							
							
							
							
							
							
							
							
							
							
							
							
							
							
							
							
							
							
							
							
							
							
							
							
							
							
							
							
							
							
							
							
							
							
							
							
							
							
							
							
							
							
							
							
							
							
							
							
							
							
							
							
							
							
							
							
							
							
							
							
							
							
							
							
							
							
							
							
							
							
							
							
							
							
							
							
							
							
							
							
							
							
							
							
							
							
							
							
							
							
							
							
							
							
							
							
							
							
							
							
							
							
							
							
							
							
							
							
							
							
							
							
							
							
							
							
							
							
							
							
							
							
							
							
							
							
							
							
							
							
							
							
							
							
							
							
							
							
							
							
							
							
							
							
							
							
							
							
							
							
							
							
							
							
							
							
							
							
							
							
							
							
							
							
							
							
							
							
							
							
							
							
							
							
							
							
							
							
							
							
							
							
							
							
							
							
							
							
							
							
							
							
							
							
							
							
							
							
							
							
							
							
							
							
							
							
							
							
							
							
							
							
							
							
							
							
							
							
							
							
							
							
							
							
							
							
							
							
							
							
							
							
							
							
							
							
							
							
							
							
							
							
							
							
							
							
							
							
							
							
							
							
							
							
							
							
							
							
							
							
							
							
							
							
							
							
							
							
							
							
							
							
							
							
							
							
							
							
							
							
							
							
							
							
							
							
							
							
							
							
							
							
							
							
							
							
							
							
							
							
							
							
							
							
							
							
							
							
							
							
							
							
							
							
							
							
							
							
							
							
							
							
							
							
							
							
							
							
							
							
							
							
							
							
							
							
							
							
							
							
							
							
							
							
							
							
							
							
							
							
							
							
							
							
							
							
							
							
							
							
							
							
							
							
							
							
							
							
							
							
							
							
							
							
							
							
							
							
							
							
							
							
							
							
							
							
							
							
							
							
							
							
							
							
							
							
							
							
							
							
							
							
							
							
							
							
							
							
							
							
							
							
							
							
							
							
							
							
							
							
							
							
							
							
							
							
							
							
							
							
							
							
							
							
							
							
							
							
							
							
							
							
							
							
							
							
							
							
							
							
							
							
							
							
							
							
							
							
							
							
							
							
							
							
							
							
							
							
							
							
							
							
							
							
							
							
							
							
							
							
							
							
							
							
							
							
							
							
							
							
							
							
							
							
							
							
							
							
							
							
							
							
							
							
							
							
							
							
							
							
							
							
							
							
							
							
							
							
							
							
							
							
							
							
							
							
							
							
							
							
							
							
							
							
							
							
							
							
							
							
							
							
							
							
							
							
							
							
							
							
							
							
							
							
							
							
							
							
							
							
							
							
							
							
							
							
							
							
							
							
							
							
							
							
							
							
							
							
							
							
							
							
							
							
							
							
							
							
							
							
							
							
							
							
							
							
							
							
							
							
							
							
							
							
							
							
							
							
							
							
							
							
							
							
							
							
							
							
							
							
							
							
							
							
							
							
							
							
							
							
							
							
							
							
							
							
							
							
							
							
							
							
							
							
							
							
							
							
							
							
							
							
							
							
							
							
							
							
							
							
							
							
							
							
							
							
							
							
							
							
							
							
							
							
							
							
							
							
							
							
							
							
							
							
							
							
							
							
							
							
							
							
							
							
							
							
							
							
							
							
							
							
							
							
							
							
							
							
							
							
							
							
							
							
							
							
							
							
							
							
							
							
							
							
							
							
							
							
							
							
							
							
							
							
							
							
							
							
							
							
							
							
							
							
							
							
							
							
							
							
							
							
							
							
							
							
							
							
							
							
							
							
							
							
							
							
							
							
							
							
							
							
							
							
							
							
							
							
							
							
							
							
							
							
							
							
							
							
							
							
							
							
							
							
							
							
							
							
							
							
							
							
							
							
							
							
							
							
							
							
							
							
							
							
							
							
							
							
							
							
							
							
							
							
							
							
							
							
							
							
							
							
							
							
							
							
							
							
							
							
							
							
							
							
							
							
							
							
							
							
							
							
							
							
							
							
							
							
							
							
							
							
							
							
							
							
							
							
							
							
							
							
							
							
							
							
							
							
							
							
							
							
							
							
							
							
							
							
							
							
							
							
							
							
							
							
							
							
							
							
							
							
							
							
							
							
							
							
							
							
							
							
							
							
							
							
							
							
							
							
							
							
							
							
							
							
							
							
							
							
							
							
							
							
							
							
							
							
							
							
							
							
							
							
							
							
							
							
							
							
							
							
							
							
							
							
							
							
							
							
							
							
							
							
							
							
							
							
							
							
							
							
							
							
							
							
							
							
							
							
							
							
							
							
							
							
							
							
							
							
							
							
							
							
							
							
							
							
							
							
							
							
							
							
							
							
							
							
							
							
							
							
							
							
							
							
							
							
							
							
							
							
							
							
							
							
							
							
							
							
							
							
							
							
							
							
							
							
							
							
							
							
							
							
							
							
							
							
							
							
							
							
							
							
							
							
							
							
							
							
							
							
							
							
							
							
							
							
							
							
							
							
							
							
							
							
							
							
							
							
							
							
							
							
							
							
							
							
							
							
							
							
							
							
							
							
							
							
							
							
							
							
							
							
							
							
							
							
							
							
							
							
							
							
							
							
							
							
							
							
							
							
							
							
							
							
							
							
							
							
							
							
							
							
							
							
							
							
							
							
							
							
							
							
							
							
							
							
							
							
							
							
							
							
							
							
							
							
							
							
							
							
							
							
							
							
							
							
							
							
							
							
							
							
							
							
							
							
							
							
							
							
							
							
							
							
							
							
							
							
							
							
							
							
							
							
							
							
							
							
							
							
							
							
							
							
							
							
							
							
							
							
							
							
							
							
							
							
							
							
							
							
							
							
							
							
							
							
							
							
							
							
							
							
							
							
							
							
							
							
							
							
							
							
							
							
							
							
							
							
							
							
							
							
							
							
							
							
							
							
							
							
							
							
							
							
							
							
							
							
							
							
							
							
							
							
							
							
							
							
							
							
							
							
							
							
							
							
							
							
							
							
							
							
							
							
							
							
							
							
							
							
							
							
							
							
							
							
							
							
							
							
							
							
							
							
							
							
							
							
							
							
							
							
							
							
							
							
							
							
							
							
							
							
							
							
							
							
							
							
							
							
							
							
							
							
							
							
							
							
							
							
							
							
							
							
							
							
							
							
							
							
							
							
							
							
							
							
							
							
							
							
							
							
							
							
							
							
							
							
							
							
							
							
							
							
							
							
							
							
							
							
							
							
							
							
							
							
							
							
							
							
							
							
							
							
							
							
							
							
							
							
							
							
							
							
							
							
							
							
							
							
							
							
							
							
							
							
							
							
							
							
							
							
							
							
							
							
							
							
							
							
							
							
							
							
							
							
							
							
							
							
							
							
							
							
							
							
							
							
							
							
							
							
							
							
							
							
							
							
							
							
							
							
							
							
							
							
							
							
							
							
							
							
							
							
							
							
							
							
							
							
							
							
							
							
							
							
							
							
							
							
							
							
							
							
							
							
							
							
							
							
							
							
							
							
							
							
							
							
							
							
							
							
							
							
							
							
							
							
							
							
							
							
							
							
							
							
							
							
							
							
							
							
							
							
							
							
							
							
							
							
							
							
							
							
							
							
							
							
							
							
							
							
							
							
							
							
							
							
							
							
							
							
							
							
							
							
							
							
							
							
							
							
							
							
							
							
							
							
							
							
							
							
							
							
							
							
							
							
							
							
							
							
							
							
							
							
							
							
							
							
							
							
							
							
							
							
							
							
							
							
							
							
							
							
							
							
							
							
							
							
							
							
							
							
							
							
							
							
							
							
							
							
							
							
							
							
							
							
							
							
							
							
							
							
							
							
							
							
							
							
							
							
							
							
							
							
							
							
							
							
							
							
							
							
							
							
							
							
							
							
							
							
							
							
							
							
							
							
							
							
							
							
							
							
							
							
							
							
							
							
							
							
							
							
							
							
							
							
							
							
							
							
							
							
							
							
							
							
							
							
							
							
							
							
							
							
							
							
							
							
							
							
							
							
							
							
							
							
							
							
							
							
							
							
							
							
							
							
							
							
							
							
							
							
							
							
							
							
							
							
							
							
							
							
							
							
							
							
							
							
							
							
							
							
							
							
							
							
							
							
							
							
							
							
							
							
							
							
							
							
							
							
							
							
							
							
							
							
							
							
							
							
							
							
							
							
							
							
							
							
							
							
							
							
							
							
							
							
							
							
							
							
							
							
							
							
							
							
							
							
							
							
							
							
							
							
							
							
							
							
							
							
							
							
							
							
							
							
							
							
							
							
							
							
							
							
							
							
							
							
							
							
							
							
							
							
							
							
							
							
							
							
							
							
							
							
							
							
							
							
							
							
							
							
							
							
							
							
							
							
							
							
							
							
							
							
							
							
							
							
							
							
							
							
							
							
							
							
							
							
							
							
							
							
							
							
							
							
							
							
							
							
							
							
							
							
							
							
							
							
							
							
							
							
							
							
							
							
							
							
							
							
							
							
							
							
							
							
							
							
							
							
							
							
							
							
							
							
							
							
							
							
							
							
							
							
							
							
							
							
							
							
							
							
							
							
							
							
							
							
							
							
							
							
							
							
							
							
							
							
							
							
							
							
							
							
							
							
							
							
							
							
							
							
							
							
							
							
							
							
							
							
							
							
							
							
							
							
							
							
							
							
							
							
							
							
							
							
							
							
							
							
							
							
							
							
							
							
							
							
							
							
							
